[{"GravityX":{"Y":-0.775782883167,"X":-0.000812985934317,"Z":-0.630999386311},"UserAcceleration":{"Y":-0.00299519137479,"X":-0.00429870840162,"Z":-0.00600925739855},"AttitudeRotationMatrix":[0.999960541725,0.00884498935193,0.000812985934317,-0.00621186289936,0.63096934557,0.775782823563,0.00634882226586,-0.775757312775,0.630999445915],"AttitudePitch":0.887954855494,"Time":0.007224977,"AttitudeQuaternion":{"X":0.429532241569,"W":0.903040602281,"Y":0.00153255466798,"Z":0.00416837638689},"AttitudeRoll":-0.00128840924967,"RotationRate":{"Y":0.174446821213,"X":0.00234215473756,"Z":0.0161790922284},"AttitudeYaw":0.0098446338511,"DotNum":0},{"GravityX":{"Y":-0.776032030582,"X":0.00114327366464,"Z":-0.63069242239},"UserAcceleration":{"Y":-0.0101617928594,"X":-0.0130603881553,"Z":-0.00550751993433},"AttitudeRotationMatrix":[0.999932587147,0.0115525396541,-0.00114327389747,-0.00639895070344,0.630661010742,0.776032030582,0.00968615897,-0.775972425938,0.63069242239],"AttitudePitch":0.888349832568,"Time":0.01789403,"AttitudeQuaternion":{"X":0.429703146708,"W":0.902951556016,"Y":0.0029983427286,"Z":0.00497022519121},"AttitudeRoll":0.00181272573841,"RotationRate":{"Y":0.234543651342,"X":0.0342672429979,"Z":-0.0180315375328},"AttitudeYaw":0.0101460703939,"DotNum":0},{"GravityX":{"Y":-0.776689171791,"X":0.00356773263775,"Z":-0.629873931408},"UserAcceleration":{"Y":-0.00620876532048,"X":-0.0185823813081,"Z":-0.00739412428811},"AttitudeRotationMatrix":[0.999896705151,0.0139222647995,-0.00356773287058,-0.00599861517549,0.629855513573,0.776689171791,0.0130604282022,-0.776587605476,0.629873931408],"AttitudePitch":0.8893924166,"Time":0.04387599,"AttitudeQuaternion":{"X":0.43016487865,"W":0.902721737285,"Y":0.0046050073181,"Z":0.00551689375739},"AttitudeRoll":0.0056641403186,"RotationRate":{"Y":0.193885415792,"X":0.0787925049663,"Z":-0.0402685031295},"AttitudeYaw":0.00952350788793,"DotNum":0},{"GravityX":{"Y":-0.777418792248,"X":0.0046216933988,"Z":-0.628966391087},"UserAcceleration":{"Y":-0.00854619406164,"X":-0.0157758686692,"Z":-0.0171365365386},"AttitudeRotationMatrix":[0.9998742342,0.0151728242636,-0.00462169386446,-0.0059507843107,0.628955185413,0.777418792248,0.0147024765611,-0.777293503284,0.628966331482],"AttitudePitch":0.890551535178,"Time":0.06108201,"AttitudeQuaternion":{"X":0.430683363557,"W":0.902468250266,"Y":0.00535314393681,"Z":0.00585162086678},"AttitudeRoll":0.00734794485528,"RotationRate":{"Y":0.0845611095428,"X":0.0802736803889,"Z":-0.0157127305865},"AttitudeYaw":0.00946109751668,"DotNum":0},{"GravityX":{"Y":-0.777591109276,"X":0.00482092378661,"Z":-0.628751754761},"UserAcceleration":{"Y":-0.0023466150742,"X":0.00589074613526,"Z":-0.0303211007267},"AttitudeRotationMatrix":[0.999865114689,0.0157003756613,-0.00482092425227,-0.00612357957289,0.628740429878,0.777591109276,0.0152395833284,-0.777456760406,0.628751754761],"AttitudePitch":0.890825606223,"Time":0.07093602,"AttitudeQuaternion":{"X":0.430805323451,"W":0.902407520446,"Y":0.00555749649365,"Z":0.00604603674669},"AttitudeRoll":0.00766730107164,"RotationRate":{"Y":0.019562587142,"X":0.0410319641232,"Z":0.017280029133},"AttitudeYaw":0.00973913229465,"DotNum":0},{"GravityX":{"Y":-0.777516365051,"X":0.0046751764603,"Z":-0.628845334053},"UserAcceleration":{"Y":-0.00347423786297,"X":0.0192506052554,"Z":-0.016189461574},"AttitudeRotationMatrix":[0.999865293503,0.0157350338995,-0.0046751764603,-0.00626050215214,0.62883156538,0.777516305447,0.015174144879,-0.777382314205,0.628845334053],"AttitudePitch":0.890706706164,"Time":0.08193702,"AttitudeQuaternion":{"X":0.430751782496,"W":0.902433119517,"Y":0.00549883437642,"Z":0.00609339769476},"AttitudeRoll":0.0074344045051,"RotationRate":{"Y":-0.0331241935492,"X":-0.0188028030097,"Z":0.025131015107},"AttitudeYaw":0.00995544130165,"DotNum":0},{"GravityX":{"Y":-0.77707529068,"X":0.00446988455951,"Z":-0.629391789436},"UserAcceleration":{"Y":-0.00670766225085,"X":0.0181588996202,"Z":0.000958544726018},"AttitudeRotationMatrix":[0.9998742342,0.0152149936184,-0.00446988502517,-0.006103313528,0.629378080368,0.777075350285,0.0146364439279,-0.77695029974,0.629391789436],"AttitudePitch":0.890005639292,"Time":0.103923,"AttitudeQuaternion":{"X":0.430437112077,"W":0.902585740871,"Y":0.00529210852173,"Z":0.00590478704467},"AttitudeRoll":0.00710179170694,"RotationRate":{"Y":-0.0748124867678,"X":-0.0564794763923,"Z":0.0178854912519},"AttitudeYaw":0.00969706845536,"DotNum":0},{"GravityX":{"Y":-0.776669502258,"X":0.00396088557318,"Z":-0.629895865917},"UserAcceleration":{"Y":-0.00503825722262,"X":0.0170352086425,"Z":-0.0114615662023},"AttitudeRotationMatrix":[0.99989181757,0.014163531363,-0.00396088557318,-0.00584567524493,0.629881203175,0.776669502258,0.0134952701628,-0.776562333107,0.629895865917],"AttitudePitch":0.88936117721,"Time":0.130323,"AttitudeQuaternion":{"X":0.430149627121,"W":0.902727656497,"Y":0.00483428071433,"Z":0.00554131864021},"AttitudeRoll":0.00628807645593,"RotationRate":{"Y":-0.0957827866077,"X":-0.0171267669648,"Z":0.0117808794603},"AttitudeYaw":0.00928033320248,"DotNum":0},{"GravityX":{"Y":-0.776761770248,"X":0.00300696631894,"Z":-0.629787325859},"UserAcceleration":{"Y":-0.0097677577287,"X":0.0109090488404,"Z":-0.0246621258557},"AttitudeRotationMatrix":[0.999913573265,0.0127969570458,-0.0030069667846,-0.00572391785681,0.629768490791,0.776761770248,0.0118338791654,-0.776677489281,0.629787325859],"AttitudePitch":0.88950768264,"Time":0.135993,"AttitudeQuaternion":{"X":0.430220220339,"W":0.902700038307,"Y":0.00411012661259,"Z":0.00512929923998},"AttitudeRoll":0.0047745379646,"RotationRate":{"Y":-0.119253747165,"X":0.0358442850411,"Z":-0.0068189506419},"AttitudeYaw":0.00908867375584,"DotNum":0},{"GravityX":{"Y":-0.776815593243,"X":0.00202247872949,"Z":-0.629724919796},"UserAcceleration":{"Y":-0.014718843624,"X":-8.46124385134e-05,"Z":-0.0368247702718},"AttitudeRotationMatrix":[0.999937057495,0.0110357776284,-0.00202247826383,-0.00537853175774,0.629705190659,0.776815593243,0.00984632968903,-0.776755869389,0.629724919796],"AttitudePitch":0.889593107318,"Time":0.146785,"AttitudeQuaternion":{"X":0.430263569628,"W":0.902685875574,"Y":0.00328708138002,"Z":0.00454596379176},"AttitudeRoll":0.00321167490685,"RotationRate":{"Y":-0.129098922014,"X":0.0396829284728,"Z":-0.018019489944},"AttitudeYaw":0.00854114142951,"DotNum":0},{"GravityX":{"Y":-0.777077555656,"X":0.000841808272526,"Z":-0.629404306412},"UserAcceleration":{"Y":-0.0134955821559,"X":0.00108079914935,"Z":-0.00391172571108},"AttitudeRotationMatrix":[0.999954879284,0.00946156401187,-0.000841808272526,-0.00530103221536,0.629382550716,0.777077555656,0.00788218807429,-0.777037978172,0.629404306412],"AttitudePitch":0.890009200024,"Time":0.168392,"AttitudeQuaternion":{"X":0.430455577236,"W":0.902599267704,"Y":0.00241635374971,"Z":0.0040889120111},"AttitudeRoll":0.00133746745712,"RotationRate":{"Y":-0.108158454299,"X":0.0174308586866,"Z":-0.00815517175943},"AttitudeYaw":0.00842239223242,"DotNum":0},{"GravityX":{"Y":-0.776939213276,"X":6.08175687375e-05,"Z":-0.629575610161},"UserAcceleration":{"Y":-0.00615710020065,"X":0.00646994402632,"Z":0.00749004352838},"AttitudeRotationMatrix":[0.99996483326,0.00838542357087,-6.08174595982e-05,-0.00523200863972,0.629553854465,0.776939272881,0.0065532522276,-0.776911616325,0.629575610161],"AttitudePitch":0.889789459322,"Time":0.178549,"AttitudeQuaternion":{"X":0.430358962809,"W":0.902648094809,"Y":0.00183185179663,"Z":0.00377152305288},"AttitudeRoll":9.66008979329e-05,"RotationRate":{"Y":-0.0834868773818,"X":-0.0548040270805,"Z":0.00286798900925},"AttitudeYaw":0.00831046913837,"DotNum":0},{"GravityX":{"Y":-0.776067793369,"X":-0.000708389910869,"Z":-0.630649089813},"UserAcceleration":{"Y":-0.00252716126852,"X":0.0088413245976,"Z":0.0197634529322},"AttitudeRotationMatrix":[0.999975442886,0.00697323260829,0.000708390027285,-0.00494741043076,0.630630075932,0.776067852974,0.00496496912092,-0.776052236557,0.630649089813],"AttitudePitch":0.888406525654,"Time":0.206921,"AttitudeQuaternion":{"X":0.429737215728,"W":0.902947198522,"Y":0.0011785239311,"Z":0.00330048177972},"AttitudeRoll":-0.00112327072155,"RotationRate":{"Y":-0.133663922548,"X":-0.145075932145,"Z":-0.00558997131884},"AttitudeYaw":0.00784502539762,"DotNum":0},{"GravityX":{"Y":-0.774196743965,"X":-0.00230847718194,"Z":-0.632940769196},"UserAcceleration":{"Y":0.00172056176234,"X":0.0101667530835,"Z":0.0117402337492},"AttitudeRotationMatrix":[0.999985396862,0.00488892104477,0.00230847718194,-0.00488161295652,0.632926166058,0.774196743965,0.00232389103621,-0.774196743965,0.632940769196],"AttitudePitch":0.885445053262,"Time":0.211472,"AttitudeQuaternion":{"X":0.428403550595,"W":0.90358347159,"Y":4.26469494477e-06,"Z":0.00270327370704},"AttitudeRoll":-0.00364720819536,"RotationRate":{"Y":-0.175296977162,"X":-0.201369822025,"Z":0.00970071647316},"AttitudeYaw":0.00771261518179,"DotNum":0},{"GravityX":{"Y":-0.772273600101,"X":-0.00344662182033,"Z":-0.63528072834},"UserAcceleration":{"Y":-4.20735659645e-06,"X":0.0133495759219,"Z":-0.00181951839477},"AttitudeRotationMatrix":[0.999988377094,0.00337823759764,0.00344662182033,-0.00480789039284,0.635271847248,0.772273600101,0.00041938200593,-0.772281229496,0.635280668736],"AttitudePitch":0.882412284415,"Time":0.233127,"AttitudeQuaternion":{"X":0.427035067466,"W":0.904231844273,"Y":-0.000836964500177,"Z":0.00226328237859},"AttitudeRoll":-0.00542529935315,"RotationRate":{"Y":-0.0942648500204,"X":-0.176083505154,"Z":0.0129032647237},"AttitudeYaw":0.00756809629354,"DotNum":0},{"GravityX":{"Y":-0.770653545856,"X":-0.00353531213477,"Z":-0.637244522572},"UserAcceleration":{"Y":-0.00282970140688,"X":0.0078535489738,"Z":-0.00772924209014},"AttitudeRotationMatrix":[0.999987661839,0.00349594047293,0.00353531213477,-0.00495229801163,0.637235105038,0.770653545856,0.000441334210336,-0.770661532879,0.637244522572],"AttitudePitch":0.879866127555,"Time":0.243034,"AttitudeQuaternion":{"X":0.425883802017,"W":0.904774450973,"Y":-0.000854903088248,"Z":0.00233434935098},"AttitudeRoll":-0.00554775405456,"RotationRate":{"Y":0.0223550796509,"X":-0.130234986544,"Z":0.0233813989908},"AttitudeYaw":0.00777138382548,"DotNum":0},{"GravityX":{"Y":-0.769709169865,"X":-0.00374606624246,"Z":-0.638383686543},"UserAcceleration":{"Y":-0.010243835859,"X":0.00693515315652,"Z":-0.00832954421639},"AttitudeRotationMatrix":[0.999988496304,0.00299406447448,0.00374606624246,-0.00479477737099,0.638376712799,0.769709169865,-8.68424540386e-05,-0.769718229771,0.638383686543],"AttitudePitch":0.878385457403,"Time":0.264227,"AttitudeQuaternion":{"X":0.425214090346,"W":0.90508962428,"Y":-0.00105870968136,"Z":0.00215140085646},"AttitudeRoll":-0.00586798055616,"RotationRate":{"Y":-0.0945006087422,"X":-0.0765947774053,"Z":-0.014605704695},"AttitudeYaw":0.00751074967323,"DotNum":0},{"GravityX":{"Y":-0.769309997559,"X":-0.00530617590994,"Z":-0.638853669167},"UserAcceleration":{"Y":-0.0206222552806,"X":0.0184439923614,"Z":-0.0115369828418},"AttitudeRotationMatrix":[0.999985873699,0.000197811285034,0.00530617590994,-0.0042085275054,0.638861835003,0.769309997559,-0.00323773478158,-0.76932144165,0.638853669167],"AttitudePitch":0.877760418482,"Time":0.290162,"AttitudeQuaternion":{"X":0.424932478488,"W":0.905221155309,"Y":-0.00235961968119,"Z":0.00121692323874},"AttitudeRoll":-0.0083055857619,"RotationRate":{"Y":-0.261657804251,"X":-0.0366530753672,"Z":-0.00967602804303},"AttitudeYaw":0.00658744413931,"DotNum":0},{"GravityX":{"Y":-0.769198775291,"X":-0.008250256069,"Z":-0.638956308365},"UserAcceleration":{"Y":-0.00927410181612,"X":-0.0137986941263,"Z":-0.0159967113286},"AttitudeRotationMatrix":[0.999962627888,-0.00258318171836,0.008250256069,-0.00469562970102,0.63899230957,0.769198775291,-0.00725883059204,-0.769208788872,0.63895624876],"AttitudePitch":0.877586385831,"Time":0.296211,"AttitudeQuaternion":{"X":0.424857046065,"W":0.905250134035,"Y":-0.0042830943754,"Z":0.000583387855337},"AttitudeRoll":-0.0129113650793,"RotationRate":{"Y":-0.195403531194,"X":0.0140852918848,"Z":0.0236989464611},"AttitudeYaw":0.00734835927925,"DotNum":0},{"GravityX":{"Y":-0.769344389439,"X":-0.00994343869388,"Z":-0.638756871223},"UserAcceleration":{"Y":-0.011356279254,"X":-0.0111594665796,"Z":-0.0252598710358},"AttitudeRotationMatrix":[0.999943733215,-0.0037009397056,0.00994343869388,-0.00528602069244,0.638812363148,0.769344389439,-0.00919928960502,-0.769353687763,0.638756871223],"AttitudePitch":0.877814278997,"Time":0.30695,"AttitudeQuaternion":{"X":0.424963084019,"W":0.905195135978,"Y":-0.0052869062986,"Z":0.000437773240657},"AttitudeRoll":-0.015565603041,"RotationRate":{"Y":-0.0836339443922,"X":0.0269505605102,"Z":0.029192019254},"AttitudeYaw":0.00827457329168,"DotNum":0},{"GravityX":{"Y":-0.769224524498,"X":-0.010924465023,"Z":-0.638885200024},"UserAcceleration":{"Y":-0.0153824351728,"X":-0.00680624833331,"Z":-0.0254671946168},"AttitudeRotationMatrix":[0.9999319911,-0.00407790252939,0.010924465023,-0.00579817453399,0.638952314854,0.769224464893,-0.0101170344278,-0.769235551357,0.638885200024],"AttitudePitch":0.877626605726,"Time":0.328084,"AttitudeQuaternion":{"X":0.424880713038,"W":0.905230570202,"Y":-0.00581108830067,"Z":0.000475092229903},"AttitudeRoll":-0.0170975939023,"RotationRate":{"Y":-0.0332362987101,"X":0.00728005031124,"Z":0.0138091351837},"AttitudeYaw":0.00907425403138,"DotNum":0},{"GravityX":{"Y":-0.76945489645,"X":-0.0109759820625,"Z":-0.638606846333},"UserAcceleration":{"Y":-0.00796516612172,"X":-0.00928768981248,"Z":-0.00551240472123},"AttitudeRotationMatrix":[0.99993288517,-0.00370290642604,0.0109759820625,-0.00608098739758,0.638672232628,0.76945489645,-0.00985927414149,-0.76947003603,0.638606846333],"AttitudePitch":0.877987226852,"Time":0.348294,"AttitudeQuaternion":{"X":0.425045239314,"W":0.905153576742,"Y":-0.00575461896741,"Z":0.000656817059321},"AttitudeRoll":-0.0171856926952,"RotationRate":{"Y":0.0477767065167,"X":0.03752021119,"Z":0.0120094800368},"AttitudeYaw":0.00952100845458,"DotNum":0},{"GravityX":{"Y":-0.770010232925,"X":-0.010593730025,"Z":-0.63794362545},"UserAcceleration":{"Y":-0.0121553139761,"X":-0.00519911665469,"Z":-0.0174366421998},"AttitudeRotationMatrix":[0.999940395355,-0.00264090811834,0.0105937309563,-0.00647277059034,0.637998700142,0.770010232925,-0.00879231281579,-0.77003288269,0.63794362545],"AttitudePitch":0.878857158565,"Time":0.360659,"AttitudeQuaternion":{"X":0.42544037909,"W":0.904969989874,"Y":-0.00535543805059,"Z":0.00105856054555},"AttitudeRoll":-0.0166045344975,"RotationRate":{"Y":0.079567283392,"X":0.0643180832267,"Z":0.0255392547697},"AttitudeYaw":0.0101450800843,"DotNum":0},{"GravityX":{"Y":-0.770228326321,"X":-0.010029187426,"Z":-0.637689352036},"UserAcceleration":{"Y":-0.0102129615843,"X":0.00142323004548,"Z":-0.0185453593731},"AttitudeRotationMatrix":[0.999948918819,-0.00124587956816,0.0100291864946,-0.00693058222532,0.63773059845,0.770228326321,-0.00735553074628,-0.770258486271,0.637689352036],"AttitudePitch":0.879199076566,"Time":0.371876,"AttitudeQuaternion":{"X":0.425596335993,"W":0.904899013114,"Y":-0.0048029443047,"Z":0.00157053511231},"AttitudeRoll":-0.0157260895566,"RotationRate":{"Y":0.0882510840893,"X":0.0251026358455,"Z":0.0242105424404},"AttitudeYaw":0.0108671430974,"DotNum":0},{"GravityX":{"Y":-0.77014708519,"X":-0.00987387914211,"Z":-0.637789964676},"UserAcceleration":{"Y":-0.00661684945226,"X":0.00430442113429,"Z":-0.00201108912006},"AttitudeRotationMatrix":[0.999951124191,-0.000556932529435,0.00987388007343,-0.00724946800619,0.637825191021,0.770147025585,-0.00672672875226,-0.770181000233,0.637789964676],"AttitudePitch":0.879071679436,"Time":0.398275,"AttitudeQuaternion":{"X":0.425539656085,"W":0.904926267486,"Y":-0.00458617685652,"Z":0.00184891743423},"AttitudeRoll":-0.0154801603242,"RotationRate":{"Y":-0.00130326708313,"X":-0.0332324169576,"Z":0.0235543847084},"AttitudeYaw":0.0113654280162,"DotNum":0},{"GravityX":{"Y":-0.769690692425,"X":-0.0106827737764,"Z":-0.638327598572},"UserAcceleration":{"Y":-0.00515063200146,"X":0.0028397559654,"Z":0.00211240234785},"AttitudeRotationMatrix":[0.999942362309,-0.00106593547389,0.0106827737764,-0.00754240201786,0.638372421265,0.769690692425,-0.00764002930373,-0.769726932049,0.638327598572],"AttitudePitch":0.878356493784,"Time":0.407319,"AttitudeQuaternion":{"X":0.425218271929,"W":0.905074917297,"Y":-0.0050611286174,"Z":0.00178893110404},"AttitudeRoll":-0.0167340032524,"RotationRate":{"Y":-0.0737238377333,"X":-0.0610490217805,"Z":0.0240444391966},"AttitudeYaw":0.011814499882,"DotNum":0},{"GravityX":{"Y":-0.769293010235,"X":-0.0117706833407,"Z":-0.638787686825},"UserAcceleration":{"Y":-0.00765400053933,"X":-0.0060973581858,"Z":-0.00768143683672},"AttitudeRotationMatrix":[0.999929726124,-0.00139587186277,0.0117706842721,-0.00816393457353,0.638843953609,0.769293010235,-0.00859346427023,-0.769335091114,0.638787686825],"AttitudePitch":0.877733849515,"Time":0.425391,"AttitudeQuaternion":{"X":0.424940617843,"W":0.905201825954,"Y":-0.0056242009352,"Z":0.00186921373376},"AttitudeRoll":-0.0184245126165,"RotationRate":{"Y":-0.0258891656995,"X":-0.0222035292536,"Z":0.0337479412556},"AttitudeYaw":0.0127785350084,"DotNum":0},{"GravityX":{"Y":-0.769228994846,"X":-0.0115368440747,"Z":-0.63886910677},"UserAcceleration":{"Y":-0.00686356239021,"X":-0.0126788541675,"Z":-0.00602838397026},"AttitudeRotationMatrix":[0.999933421612,-5.34979626536e-05,0.0115368440747,-0.00884088221937,0.638912081718,0.769228994846,-0.00741218077019,-0.769279778004,0.63886910677],"AttitudePitch":0.877633598514,"Time":0.453485,"AttitudeQuaternion":{"X":0.424897722445,"W":0.905222982997,"Y":-0.00523324793107,"Z":0.00242685622924},"AttitudeRoll":-0.0180562662667,"RotationRate":{"Y":0.138675242662,"X":0.00152946426533,"Z":0.0301137957722},"AttitudeYaw":0.0138365175987,"DotNum":0},{"GravityX":{"Y":-0.769438803196,"X":-0.0100813610479,"Z":-0.638640940189},"UserAcceleration":{"Y":-0.00456324359402,"X":-0.0164994504303,"Z":0.00741535471752},"AttitudeRotationMatrix":[0.999945878983,0.0025708717294,0.0100813610479,-0.00939938984811,0.638651371002,0.769438803196,-0.0044603459537,-0.769491970539,0.638640940189],"AttitudePitch":0.87796210372,"Time":0.459728,"AttitudeQuaternion":{"X":0.425045172531,"W":0.905157190642,"Y":-0.00401634851126,"Z":0.00330612791276},"AttitudeRoll":-0.0157843366967,"RotationRate":{"Y":0.219714805484,"X":0.00759995682165,"Z":-0.000495066225994},"AttitudeYaw":0.0147164983728,"DotNum":0},{"GravityX":{"Y":-0.769596755505,"X":-0.00844339281321,"Z":-0.638474404812},"UserAcceleration":{"Y":-0.0116379950196,"X":-0.0114845857024,"Z":-0.00146395596676},"AttitudeRotationMatrix":[0.999951481819,0.00506923906505,0.00844339281321,-0.00973496586084,0.638455986977,0.769596755505,-0.00148946559057,-0.769641578197,0.638474404812],"AttitudePitch":0.878209376458,"Time":0.468461,"AttitudeQuaternion":{"X":0.425153235471,"W":0.905107992874,"Y":-0.00274355615114,"Z":0.00408907135047},"AttitudeRoll":-0.0132235543065,"RotationRate":{"Y":0.180429309607,"X":-0.0021171818953,"Z":0.00979432556778},"AttitudeYaw":0.0152464874144,"DotNum":0},{"GravityX":{"Y":-0.769822239876,"X":-0.00759151298553,"Z":-0.638213217258},"UserAcceleration":{"Y":-0.0098408376798,"X":-0.00191471248399,"Z":-0.00538727408275},"AttitudeRotationMatrix":[0.999949216843,0.00662509538233,0.00759151298553,-0.0100726224482,0.638178884983,0.769822239876,0.000255402177572,-0.769859671593,0.638213217258],"AttitudePitch":0.878562609357,"Time":0.490021,"AttitudeQuaternion":{"X":0.425310825788,"W":0.905033325399,"Y":-0.00202647528113,"Z":0.00461245939565},"AttitudeRoll":-0.0118943877469,"RotationRate":{"Y":0.0648815706372,"X":0.0326236411929,"Z":0.0193760842085},"AttitudeYaw":0.0157820747866,"DotNum":0},{"GravityX":{"Y":-0.77001106739,"X":-0.00735412025824,"Z":-0.63798815012},"UserAcceleration":{"Y":-0.00721061509103,"X":0.0175927672535,"Z":-0.030011119321},"AttitudeRotationMatrix":[0.99995303154,0.00631291139871,0.00735411979258,-0.00969057437032,0.637956917286,0.770011126995,0.000169399892911,-0.770046174526,0.63798815012],"AttitudePitch":0.878858493251,"Time":0.509901,"AttitudeQuaternion":{"X":0.425443282312,"W":0.90497211504,"Y":-0.00198479052729,"Z":0.00442098872776},"AttitudeRoll":-0.0115265375985,"RotationRate":{"Y":-0.0604656413198,"X":0.0385172925889,"Z":-0.0160698331892},"AttitudeYaw":0.0151888456,"DotNum":0},{"GravityX":{"Y":-0.76971244812,"X":-0.00810282118618,"Z":-0.638339340687},"UserAcceleration":{"Y":-0.00715827243403,"X":0.0069584120065,"Z":-0.0304228924215},"AttitudeRotationMatrix":[0.999955713749,0.00478451279923,0.00810282118618,-0.00929131917655,0.638323128223,0.769712388515,-0.00148951867595,-0.76975363493,0.638339340687],"AttitudePitch":0.878390607763,"Time":0.518705,"AttitudeQuaternion":{"X":0.42523325621,"W":0.90507156651,"Y":-0.00264960816439,"Z":0.00388804388641},"AttitudeRoll":-0.0126929139522,"RotationRate":{"Y":-0.137846842408,"X":-0.00286751356907,"Z":0.000684982689563},"AttitudeYaw":0.0145547960459,"DotNum":0},{"GravityX":{"Y":-0.768731176853,"X":0.0193608552217,"Z":-0.639278948307},"UserAcceleration":{"Y":-0.0309361852705,"X":0.0511957854033,"Z":-0.0622286461294},"AttitudeRotationMatrix":[0.999530434608,0.0237506665289,-0.0193608533591,-0.00030711106956,0.639571964741,0.768731176853,0.0306405369192,-0.76836425066,0.639278948307],"AttitudePitch":0.876854912157,"Time":0.006669998,"AttitudeQuaternion":{"X":0.424464233799,"W":0.905315041789,"Y":0.0138077325379,"Z":0.00664348246283},"AttitudeRoll":0.0302762031107,"RotationRate":{"Y":-0.452251136303,"X":-0.211275205016,"Z":0.0375594124198},"AttitudeYaw":0.000480183591088,"DotNum":1},{"GravityX":{"Y":-0.766131877899,"X":0.0141260745004,"Z":-0.642528116703},"UserAcceleration":{"Y":-0.0250821132213,"X":0.0522801764309,"Z":-0.0360759906471},"AttitudeRotationMatrix":[0.999715924263,0.0191963165998,-0.0141260745004,-0.00151511374861,0.642681598663,0.766131877899,0.0237854793668,-0.765892863274,0.642528116703],"AttitudePitch":0.872800658011,"Time":0.01764303,"AttitudeQuaternion":{"X":0.422642340556,"W":0.906218197052,"Y":0.0104587262202,"Z":0.00571369827937},"AttitudeRoll":0.0219816042147,"RotationRate":{"Y":-0.36612072587,"X":-0.258646428585,"Z":0.0757614523172},"AttitudeYaw":0.00235748279588,"DotNum":1},{"GravityX":{"Y":-0.763985037804,"X":0.0107360314578,"Z":-0.645144641399},"UserAcceleration":{"Y":-0.00163997581694,"X":0.0296082068235,"Z":0.00268859602511},"AttitudeRotationMatrix":[0.999798595905,0.0169576816261,-0.0107360323891,-0.00273995799944,0.645228147507,0.763985037804,0.0198826044798,-0.763801693916,0.645144641399],"AttitudePitch":0.86946682688,"Time":0.03892702,"AttitudeQuaternion":{"X":0.421137079423,"W":0.906941477634,"Y":0.00844008064442,"Z":0.00542968884113},"AttitudeRoll":0.0166397426096,"RotationRate":{"Y":-0.201691731811,"X":-0.174828708172,"Z":0.0646386221051},"AttitudeYaw":0.0042464695846,"DotNum":1},{"GravityX":{"Y":-0.7631701231,"X":0.00814945809543,"Z":-0.64614623785},"UserAcceleration":{"Y":-0.0357800573111,"X":0.00703303655609,"Z":-0.0103479297832},"AttitudeRotationMatrix":[0.999854266644,0.0150029854849,-0.00814945809543,-0.00347583647817,0.646188259125,0.7631701231,0.016715914011,-0.763030529022,0.64614623785],"AttitudePitch":0.86820483959,"Time":0.04974002,"AttitudeQuaternion":{"X":0.42057097348,"W":0.907219474629,"Y":0.00685208310262,"Z":0.00509215844541},"AttitudeRoll":0.0126117373845,"RotationRate":{"Y":-0.216692730784,"X":-0.0619055777788,"Z":0.0472578406334},"AttitudeYaw":0.00537893185556,"DotNum":1},{"GravityX":{"Y":-0.76324224472,"X":0.00500766932964,"Z":-0.646093010902},"UserAcceleration":{"Y":-0.0398735925555,"X":0.00329311192036,"Z":-0.0360511466861},"AttitudeRotationMatrix":[0.999912083149,0.0122797824442,-0.00500766932964,-0.0041122562252,0.646099328995,0.76324224472,0.0126079004258,-0.763154506683,0.646093010902],"AttitudePitch":0.868316444192,"Time":0.07112002,"AttitudeQuaternion":{"X":0.420630392254,"W":0.907207861368,"Y":0.00485433673222,"Z":0.0045171672106},"AttitudeRoll":0.00775053878438,"RotationRate":{"Y":-0.273417472839,"X":0.0339458696544,"Z":0.0414303801954},"AttitudeYaw":0.00636465682701,"DotNum":1},{"GravityX":{"Y":-0.763743698597,"X":0.000744083547033,"Z":-0.645519137383},"UserAcceleration":{"Y":-0.0146986590698,"X":-0.0109979901463,"Z":-0.0532876141369},"AttitudeRotationMatrix":[0.999957919121,0.00914237648249,-0.000744083430618,-0.00533331651241,0.645497560501,0.763743758202,0.00746273668483,-0.763707637787,0.645519137383],"AttitudePitch":0.869092936682,"Time":0.08437401,"AttitudeQuaternion":{"X":0.420993241877,"W":0.907052179136,"Y":0.0022619482244,"Z":0.00398976307341},"AttitudeRoll":0.00115268962028,"RotationRate":{"Y":-0.328833043575,"X":0.10730214417,"Z":0.075657337904},"AttitudeYaw":0.0082621466797,"DotNum":1},{"GravityX":{"Y":-0.76506626606,"X":-0.00319476798177,"Z":-0.643943607807},"UserAcceleration":{"Y":-0.0104006398469,"X":0.00551410391927,"Z":-0.0514756962657},"AttitudeRotationMatrix":[0.999975502491,0.00623090611771,0.00319476798177,-0.00645656744018,0.643919169903,0.76506626606,0.00270988373086,-0.765068173409,0.643943607807],"AttitudePitch":0.871144249896,"Time":0.10384,"AttitudeQuaternion":{"X":0.421933849815,"W":0.906619858897,"Y":-0.000133706587441,"Z":0.00349856492164},"AttitudeRoll":-0.0049612135772,"RotationRate":{"Y":-0.252726197243,"X":0.130343317986,"Z":0.0626170039177},"AttitudeYaw":0.0100266484442,"DotNum":1},{"GravityX":{"Y":-0.766038835049,"X":-0.00521239079535,"Z":-0.642773151398},"UserAcceleration":{"Y":0.00923341047019,"X":-0.0054687615484,"Z":-0.0212588179857},"AttitudeRotationMatrix":[0.999974906445,0.00479322951287,0.00521239079535,-0.00707394536585,0.642755389214,0.766038835049,0.000321507686749,-0.766056478024,0.642773151398],"AttitudePitch":0.872655894234,"Time":0.114309,"AttitudeQuaternion":{"X":0.422624653177,"W":0.906297890515,"Y":-0.00134913783729,"Z":0.00327353050105},"AttitudeRoll":-0.00810904526388,"RotationRate":{"Y":-0.105200879276,"X":0.0664221346378,"Z":0.0202435068786},"AttitudeYaw":0.0110052130319,"DotNum":1},{"GravityX":{"Y":-0.766007363796,"X":-0.00615931116045,"Z":-0.642802298069},"UserAcceleration":{"Y":0.0119637660682,"X":-0.016408437863,"Z":0.0312453042716},"AttitudeRotationMatrix":[0.999973297119,0.00393918948248,0.00615931116045,-0.00725034670904,0.642790913582,0.766007363796,-0.000941701233387,-0.766031563282,0.642802298069],"AttitudePitch":0.872606913515,"Time":0.151143,"AttitudeQuaternion":{"X":0.422605025953,"W":0.906306586249,"Y":-0.00195877774079,"Z":0.00308657577548},"AttitudeRoll":-0.00958167482077,"RotationRate":{"Y":-0.0521751083434,"X":-0.0387787669897,"Z":-0.0127243297175},"AttitudeYaw":0.0112790002916,"DotNum":1},{"GravityX":{"Y":-0.765201568604,"X":-0.00660394923761,"Z":-0.64375692606},"UserAcceleration":{"Y":0.00856396649033,"X":-0.0148346489295,"Z":0.0254402849823},"AttitudeRotationMatrix":[0.999973297119,0.00312333065085,0.00660394877195,-0.0070641906932,0.643752038479,0.765201568604,-0.00186132802628,-0.765227794647,0.64375692606],"AttitudePitch":0.87135432322,"Time":0.151216,"AttitudeQuaternion":{"X":0.422038010986,"W":0.90657077786,"Y":-0.00233442270492,"Z":0.0028093564939},"AttitudeRoll":-0.0102580916206,"RotationRate":{"Y":-0.0594369284809,"X":-0.0865691676736,"Z":-0.00643278472126},"AttitudeYaw":0.0109730255767,"DotNum":1},{"GravityX":{"Y":-0.764578580856,"X":-0.00747412908822,"Z":-0.644487202168},"UserAcceleration":{"Y":0.00435517122969,"X":-0.00857811700553,"Z":0.0144212916493},"AttitudeRotationMatrix":[0.999969124794,0.00243531446904,0.00747412908822,-0.00728431809694,0.644489407539,0.764578521252,-0.00295500759967,-0.764609396458,0.644487202168],"AttitudePitch":0.870387204914,"Time":0.168123,"AttitudeQuaternion":{"X":0.421601859065,"W":0.906772531484,"Y":-0.00287534527274,"Z":0.00267973291806},"AttitudeRoll":-0.0115964969231,"RotationRate":{"Y":-0.0582939088345,"X":-0.0573394447565,"Z":0.00724438438192},"AttitudeYaw":0.0113019830351,"DotNum":1},{"GravityX":{"Y":-0.764394521713,"X":-0.00807835813612,"Z":-0.64469820261},"UserAcceleration":{"Y":-0.00255799316801,"X":0.00702550169081,"Z":0.00595002062619},"AttitudeRotationMatrix":[0.999965786934,0.00178483407944,0.00807835813612,-0.00732599850744,0.644707143307,0.764394521713,-0.00384385813959,-0.764427542686,0.64469820261],"AttitudePitch":0.870101714846,"Time":0.179103,"AttitudeQuaternion":{"X":0.421473726701,"W":0.906831178353,"Y":-0.00328677946216,"Z":0.00251172216755},"AttitudeRoll":-0.0125297935694,"RotationRate":{"Y":-0.0535043664277,"X":-0.00338696269318,"Z":-0.00153167231474},"AttitudeYaw":0.011362806677,"DotNum":1},{"GravityX":{"Y":-0.764396071434,"X":-0.00809989962727,"Z":-0.644696116447},"UserAcceleration":{"Y":-0.00157988735009,"X":0.00359855638817,"Z":0.00703129451722},"AttitudeRotationMatrix":[0.999965846539,0.00165058299899,0.00809989869595,-0.00725592020899,0.644706130028,0.764396071434,-0.00396035565063,-0.764428734779,0.644696116447],"AttitudePitch":0.870104108466,"Time":0.200517,"AttitudeQuaternion":{"X":0.421474673891,"W":0.906830753657,"Y":-0.00332483620117,"Z":0.00245539286515},"AttitudeRoll":-0.0125632421678,"RotationRate":{"Y":0.0238709058613,"X":0.0036603116896,"Z":-0.00832639914006},"AttitudeYaw":0.0112541408213,"DotNum":1},{"GravityX":{"Y":-0.764490664005,"X":-0.00702003668994,"Z":-0.644596517086},"UserAcceleration":{"Y":-0.00624600378796,"X":0.00193885969929,"Z":0.0143932960927},"AttitudeRotationMatrix":[0.999972224236,0.00250170426443,0.00702003668994,-0.00697953766212,0.644596993923,0.76449072361,-0.00261256494559,-0.764518499374,0.644596517086],"AttitudePitch":0.870250885689,"Time":0.211358,"AttitudeQuaternion":{"X":0.421538463449,"W":0.906802866549,"Y":-0.00265564922297,"Z":0.00261392022227},"AttitudeRoll":-0.010890159195,"RotationRate":{"Y":0.0951546877623,"X":-0.00895064044744,"Z":-0.00632253428921},"AttitudeYaw":0.010827330463,"DotNum":1},{"GravityX":{"Y":-0.764205157757,"X":-0.00567201664671,"Z":-0.644948244095},"UserAcceleration":{"Y":-0.0094306813553,"X":-0.00394102046266,"Z":-0.0157420411706},"AttitudeRotationMatrix":[0.999977171421,0.00367888342589,0.00567201618105,-0.00670739077032,0.644938290119,0.764205157757,-0.000846679089591,-0.764225780964,0.644948244095],"AttitudePitch":0.869808103791,"Time":0.234818,"AttitudeQuaternion":{"X":0.421334353842,"W":0.906899076884,"Y":-0.00179697371385,"Z":0.00286312854373},"AttitudeRoll":-0.00879430259102,"RotationRate":{"Y":0.107486829162,"X":-0.0357963331044,"Z":-0.0201937500387},"AttitudeYaw":0.0103996749243,"DotNum":1},{"GravityX":{"Y":-0.763677120209,"X":-0.00514149991795,"Z":-0.645577907562},"UserAcceleration":{"Y":-0.012918968685,"X":-0.00883555039763,"Z":-0.0210175383836},"AttitudeRotationMatrix":[0.999979019165,0.0039426246658,0.00514150038362,-0.00647180620581,0.645565986633,0.763677060604,-0.000308285234496,-0.763694345951,0.645577907562],"AttitudePitch":0.868989734168,"Time":0.245147,"AttitudeQuaternion":{"X":0.420961736969,"W":0.907072610693,"Y":-0.00150202560008,"Z":0.00287034103539},"AttitudeRoll":-0.00796401364008,"RotationRate":{"Y":-0.00553657626733,"X":-0.0376523807645,"Z":-0.0244184788316},"AttitudeYaw":0.0100246756305,"DotNum":1},{"GravityX":{"Y":-0.763330221176,"X":-0.00557202473283,"Z":-0.645984470844},"UserAcceleration":{"Y":-0.0140135157853,"X":-0.000714596535545,"Z":-0.0542718991637},"AttitudeRotationMatrix":[0.999979555607,0.00314580462873,0.00557202473283,-0.00628554355353,0.645977914333,0.763330221176,-0.00119811692275,-0.76334965229,0.645984470844],"AttitudePitch":0.868452625795,"Time":0.264822,"AttitudeQuaternion":{"X":0.42071878454,"W":0.907185465241,"Y":-0.00186569939669,"Z":0.00259906842706},"AttitudeRoll":-0.00862541878906,"RotationRate":{"Y":-0.0620386190712,"X":-0.0351276695728,"Z":-0.00649421289563},"AttitudeYaw":0.00972996974734,"DotNum":1},{"GravityX":{"Y":-0.76262485981,"X":-0.00588193256408,"Z":-0.646814286709},"UserAcceleration":{"Y":-0.0141390319914,"X":0.00337949139066,"Z":-0.0372372530401},"AttitudeRotationMatrix":[0.999979317188,0.00260393042117,0.00588193256408,-0.00617008842528,0.646811544895,0.762624919415,-0.00181867997162,-0.762645423412,0.646814227104],"AttitudePitch":0.86736146905,"Time":0.289876,"AttitudeQuaternion":{"X":0.420224187565,"W":0.907414617296,"Y":-0.00212158059299,"Z":0.00241731240859},"AttitudeRoll":-0.00909344611844,"RotationRate":{"Y":-0.0300870779902,"X":-0.0377878658473,"Z":-0.00170836108737},"AttitudeYaw":0.00953894652055,"DotNum":1},{"GravityX":{"Y":-0.762294769287,"X":-0.00612098164856,"Z":-0.647201061249},"UserAcceleration":{"Y":-0.0123786879703,"X":0.00305396527983,"Z":-0.0166325587779},"AttitudeRotationMatrix":[0.999978601933,0.00230982271023,0.00612098211423,-0.00616104342043,0.647200703621,0.762294769287,-0.00220073806122,-0.76231610775,0.647201061249],"AttitudePitch":0.866851280857,"Time":0.297851,"AttitudeQuaternion":{"X":0.419993113015,"W":0.907521396156,"Y":-0.00229243067368,"Z":0.00233351695323},"AttitudeRoll":-0.00945733831722,"RotationRate":{"Y":-0.0215236265212,"X":-0.020699409768,"Z":-0.000508277968038},"AttitudeYaw":0.00951923787349,"DotNum":1},{"GravityX":{"Y":-0.762290537357,"X":-0.00636218721047,"Z":-0.647203743458},"UserAcceleration":{"Y":-0.0112995551899,"X":0.000991093693301,"Z":-0.0168129950762},"AttitudeRotationMatrix":[0.999977469444,0.00213721510954,0.00636218767613,-0.00623319204897,0.647204995155,0.762290537357,-0.00248846062459,-0.762313067913,0.647203743458],"AttitudePitch":0.866844728297,"Time":0.308243,"AttitudeQuaternion":{"X":0.419990703707,"W":0.907522202149,"Y":-0.00243813540576,"Z":0.0023058408114},"AttitudeRoll":-0.00982995343047,"RotationRate":{"Y":-0.0142035493627,"X":0.00610800320283,"Z":0.00821796059608},"AttitudeYaw":0.00963064147903,"DotNum":1},{"GravityX":{"Y":-0.762367427349,"X":-0.00696913897991,"Z":-0.64710688591},"UserAcceleration":{"Y":-0.00836925115436,"X":0.000178977730684,"Z":-0.00500798877329},"AttitudeRotationMatrix":[0.999973773956,0.00197565299459,0.00696913897991,-0.00659168418497,0.647110819817,0.762367427349,-0.00300363171846,-0.762393414974,0.64710688591],"AttitudePitch":0.866963565497,"Time":0.341306,"AttitudeQuaternion":{"X":0.420046440973,"W":0.907495382483,"Y":-0.00274733366921,"Z":0.00236016001492},"AttitudeRoll":-0.0107692711491,"RotationRate":{"Y":-0.0424701757729,"X":0.00609632954001,"Z":0.0208386182785},"AttitudeYaw":0.0101859770691,"DotNum":1},{"GravityX":{"Y":-0.762421011925,"X":-0.00780673697591,"Z":-0.647034168243},"UserAcceleration":{"Y":-0.0039669200778,"X":-0.00148586556315,"Z":-0.00134227389935},"AttitudeRotationMatrix":[0.999968469143,0.00147238117643,0.00780673697591,-0.00690493453294,0.647044420242,0.762421011925,-0.00392873119563,-0.762450814247,0.647034168243],"AttitudePitch":0.867046358415,"Time":0.341353,"AttitudeQuaternion":{"X":0.420086243843,"W":0.907475492354,"Y":-0.00323299871929,"Z":0.00230786275054},"AttitudeRoll":-0.0120648310712,"RotationRate":{"Y":-0.0547587275505,"X":0.0038169613108,"Z":0.0109053552151},"AttitudeYaw":0.0106710942772,"DotNum":1},{"GravityX":{"Y":-0.762671172619,"X":-0.00833024457097,"Z":-0.646732807159},"UserAcceleration":{"Y":-0.000924436491914,"X":-0.00409040926024,"Z":0.00146914180368},"AttitudeRotationMatrix":[0.99996471405,0.00110287126154,0.00833024457097,-0.00706676673144,0.646747887135,0.762671172619,-0.00454643974081,-0.762703120708,0.646732807159],"AttitudePitch":0.867432990308,"Time":0.361261,"AttitudeQuaternion":{"X":0.420263021069,"W":0.907392605482,"Y":-0.00354771598943,"Z":0.00225085532925},"AttitudeRoll":-0.0128797924249,"RotationRate":{"Y":-0.0253381989896,"X":0.0294884517789,"Z":0.00194723973982},"AttitudeYaw":0.0109261830374,"DotNum":1},{"GravityX":{"Y":-0.762957215309,"X":-0.00902196578681,"Z":-0.646386027336},"UserAcceleration":{"Y":-0.00390373449773,"X":-0.00724390288815,"Z":-0.00682749133557},"AttitudeRotationMatrix":[0.999959111214,0.000623059924692,0.00902196671814,-0.00728642335162,0.646407902241,0.762957215309,-0.00535650271922,-0.762991786003,0.646385967731],"AttitudePitch":0.86787542004,"Time":0.37173,"AttitudeQuaternion":{"X":0.420465573702,"W":0.907297225221,"Y":-0.00396189583837,"Z":0.00217940786791},"AttitudeRoll":-0.0139566454584,"RotationRate":{"Y":-0.0609607025981,"X":0.0272089242935,"Z":0.00219435850158},"AttitudeYaw":0.0112716976634,"DotNum":1},{"GravityX":{"Y":-0.762733876705,"X":-0.0101037584245,"Z":-0.646633565426},"UserAcceleration":{"Y":0.000328482768964,"X":-0.00158447376452,"Z":-0.0116611300036},"AttitudeRotationMatrix":[0.999948859215,-0.000440275063738,0.0101037584245,-0.00742214545608,0.646669864655,0.762733876705,-0.00686960853636,-0.762769877911,0.646633565426],"AttitudePitch":0.867529988802,"Time":0.401852,"AttitudeQuaternion":{"X":0.420311022993,"W":0.907366008484,"Y":-0.00467654942715,"Z":0.00192366441188},"AttitudeRoll":-0.0156238979265,"RotationRate":{"Y":-0.0891358107328,"X":-0.0106056155637,"Z":0.00112261960749},"AttitudeYaw":0.0114769841743,"DotNum":1},{"GravityX":{"Y":-0.762412071228,"X":-0.0106263356283,"Z":-0.647004544735},"UserAcceleration":{"Y":-0.00287723797373,"X":0.00226451922208,"Z":-0.00337079237215},"AttitudeRotationMatrix":[0.99994289875,-0.00111386110075,0.0106263356283,-0.0073813451454,0.647049725056,0.762412071228,-0.00772498827428,-0.76244699955,0.64700460434],"AttitudePitch":0.867032526115,"Time":0.407387,"AttitudeQuaternion":{"X":0.420085888352,"W":0.907468625171,"Y":-0.00505563594861,"Z":0.00172663925545},"AttitudeRoll":-0.0164224190937,"RotationRate":{"Y":-0.0399630852044,"X":-0.0243382416666,"Z":0.00327986548655},"AttitudeYaw":0.0114071979762,"DotNum":1},{"GravityX":{"Y":-0.762221515179,"X":-0.0106479665264,"Z":-0.647228658199},"UserAcceleration":{"Y":-0.0102394046262,"X":-0.000139997762744,"Z":-0.00711397826672},"AttitudeRotationMatrix":[0.999942779541,-0.00105657544918,0.0106479655951,-0.00743264146149,0.647273600101,0.762221515179,-0.00769749097526,-0.762257039547,0.647228717804],"AttitudePitch":0.866738128021,"Time":0.42505,"AttitudeQuaternion":{"X":0.419952525549,"W":0.907530303396,"Y":-0.0050536763631,"Z":0.00175643331467},"AttitudeRoll":-0.0164501451325,"RotationRate":{"Y":0.0288152452558,"X":-0.0160945132375,"Z":0.00280641042627},"AttitudeYaw":0.0114824932791,"DotNum":1},{"GravityX":{"Y":-0.762077152729,"X":-0.0100747887045,"Z":-0.647407829762},"UserAcceleration":{"Y":-0.015281829983,"X":-0.00283414707519,"Z":-0.0190350618213},"AttitudeRotationMatrix":[0.999949157238,-0.000365200685337,0.0100747877732,-0.00744169764221,0.647443413734,0.762077212334,-0.00680116610602,-0.762113451958,0.647407770157],"AttitudePitch":0.866515153188,"Time":0.435998,"AttitudeQuaternion":{"X":0.419850551318,"W":0.907579255618,"Y":-0.00464861751409,"Z":0.00194927806153},"AttitudeRoll":-0.0155604787069,"RotationRate":{"Y":0.072997584939,"X":-0.00145992357284,"Z":-0.0112675344571},"AttitudeYaw":0.0114934678296,"DotNum":1},{"GravityX":{"Y":-0.762056469917,"X":-0.00933683849871,"Z":-0.647443294525},"UserAcceleration":{"Y":-0.0127696059644,"X":7.4753377703e-05,"Z":-0.0106988102198},"AttitudeRotationMatrix":[0.9999563694,0.000261270208284,0.00933683849871,-0.00728468038142,0.647469639778,0.762056469917,-0.00584621634334,-0.76209127903,0.647443294525],"AttitudePitch":0.866483129661,"Time":0.459441,"AttitudeQuaternion":{"X":0.419834335191,"W":0.907588739086,"Y":-0.0041822508565,"Z":0.00207857079205},"AttitudeRoll":-0.0144200912383,"RotationRate":{"Y":0.044741243124,"X":-0.000128592611873,"Z":-0.00856644287705},"AttitudeYaw":0.0112505240611,"DotNum":1},{"GravityX":{"Y":-0.761928975582,"X":-0.00925520528108,"Z":-0.647594451904},"UserAcceleration":{"Y":-0.014361910522,"X":0.0041587697342,"Z":-0.0161476191133},"AttitudeRotationMatrix":[0.99995714426,0.000296788988635,0.00925520528108,-0.00724432617426,0.647620081902,0.761929035187,-0.00576772447675,-0.761963367462,0.647594451904],"AttitudePitch":0.866286304804,"Time":0.468172,"AttitudeQuaternion":{"X":0.419744748995,"W":0.907630380994,"Y":-0.00413795357066,"Z":0.00207714395662},"AttitudeRoll":-0.0142906958079,"RotationRate":{"Y":-0.0191043242812,"X":-0.011011255905,"Z":0.0068981051445},"AttitudeYaw":0.0111856083135,"DotNum":1