[{"GravityX":{"Y":-0.991414368153,"X":-0.0504868142307,"Z":-0.120617687702},"UserAcceleration":{"Y":0.023824037984,"X":0.0112412096933,"Z":0.00135499541648},"AttitudeRotationMatrix":[0.99698805809,-0.0588722191751,0.050486817956,-0.0429109446704,0.123515926301,0.991414427757,-0.0646026954055,-0.990594744682,0.120617642999],"AttitudePitch":1.43966324067,"Time":0.006661952,"AttitudeQuaternion":{"X":0.661977032552,"W":0.748518821596,"Y":-0.0384390820051,"Z":-0.00533095346221},"AttitudeRoll":-0.39641087008,"RotationRate":{"Y":-0.075457893312,"X":-0.0216869208962,"Z":0.0357042811811},"AttitudeYaw":0.334367449263,"DotNum":0},{"GravityX":{"Y":-0.991362690926,"X":-0.0510168746114,"Z":-0.120819367468},"UserAcceleration":{"Y":0.0202170480043,"X":0.00197512586601,"Z":3.0790695746e-05},"AttitudeRotationMatrix":[0.996886134148,-0.0601277500391,0.0510168746114,-0.0432667508721,0.123806364834,0.991362690926,-0.0659246221185,-0.990483045578,0.120819307864],"AttitudePitch":1.43926850118,"Time":0.01259899,"AttitudeQuaternion":{"X":0.661864853541,"W":0.748583979729,"Y":-0.0390542339387,"Z":-0.00563096357509},"AttitudeRoll":-0.399545370603,"RotationRate":{"Y":-0.0871659368277,"X":0.00495527591556,"Z":0.036973580718},"AttitudeYaw":0.336203468398,"DotNum":0},{"GravityX":{"Y":-0.991369187832,"X":-0.0517192259431,"Z":-0.120466858149},"UserAcceleration":{"Y":0.0206508003175,"X":-0.000679453893099,"Z":0.003508240683},"AttitudeRotationMatrix":[0.996790111065,-0.0611118152738,0.0517192259431,-0.0438636466861,0.123543992639,0.991369247437,-0.0669739693403,-0.990455627441,0.120466843247],"AttitudePitch":1.43931811104,"Time":0.02794796,"AttitudeQuaternion":{"X":0.661962840975,"W":0.748465255185,"Y":-0.0396455266707,"Z":-0.00576117741411},"AttitudeRoll":-0.405526803763,"RotationRate":{"Y":-0.0680585429072,"X":0.0156392175704,"Z":0.0360461622477},"AttitudeYaw":0.341161910481,"DotNum":0},{"GravityX":{"Y":-0.991412162781,"X":-0.0531942471862,"Z":-0.119466789067},"UserAcceleration":{"Y":0.0126371290535,"X":-0.0059183021076,"Z":0.0111751658842},"AttitudeRotationMatrix":[0.996585726738,-0.0631448924541,0.0531942434609,-0.045141376555,0.122736304998,0.991412162781,-0.0691314786673,-0.990428447723,0.119466803968],"AttitudePitch":1.43964628485,"Time":0.05753297,"AttitudeQuaternion":{"X":0.662265549306,"W":0.74812913425,"Y":-0.0408772097403,"Z":-0.00601617916323},"AttitudeRoll":-0.418908388168,"RotationRate":{"Y":-0.0510549098253,"X":0.00621523987502,"Z":0.0295904297382},"AttitudeYaw":0.352436043429,"DotNum":0},{"GravityX":{"Y":-0.99138790369,"X":-0.0536583140492,"Z":-0.119460687041},"UserAcceleration":{"Y":0.010598695837,"X":-0.00533216353506,"Z":0.0116268256679},"AttitudeRotationMatrix":[0.996543705463,-0.0634148940444,0.0536583177745,-0.0455679558218,0.12277469039,0.99138790369,-0.0694566369057,-0.990406453609,0.119460657239],"AttitudePitch":1.43946080524,"Time":0.07231396,"AttitudeQuaternion":{"X":0.662251516622,"W":0.748127513507,"Y":-0.0411410323095,"Z":-0.0059638683018},"AttitudeRoll":-0.422164579157,"RotationRate":{"Y":-0.00219985772856,"X":-0.0214153733104,"Z":0.0188197530806},"AttitudeYaw":0.355391893925,"DotNum":0},{"GravityX":{"Y":-0.991265714169,"X":-0.0541185475886,"Z":-0.120264321566},"UserAcceleration":{"Y":0.00797406863421,"X":-0.00635203486308,"Z":0.00594547064975},"AttitudeRotationMatrix":[0.996616542339,-0.0618595480919,0.0541185475886,-0.0461600497365,0.123537786305,0.991265654564,-0.0680049359798,-0.990409851074,0.120264366269],"AttitudePitch":1.43853106232,"Time":0.09777397,"AttitudeQuaternion":{"X":0.661969505952,"W":0.748401400344,"Y":-0.0407947790186,"Z":-0.00524434519612},"AttitudeRoll":-0.42285118108,"RotationRate":{"Y":0.0593565665185,"X":-0.0425799824297,"Z":-0.00250318692997},"AttitudeYaw":0.357587807289,"DotNum":0},{"GravityX":{"Y":-0.991207659245,"X":-0.0538243278861,"Z":-0.12087302655},"UserAcceleration":{"Y":0.00594766391441,"X":0.00606431858614,"Z":0.00345664797351},"AttitudeRotationMatrix":[0.996676206589,-0.0611514598131,0.0538243278861,-0.0459152162075,0.124093309045,0.991207659245,-0.0672930330038,-0.990384399891,0.120873063803],"AttitudePitch":1.4380918372,"Time":0.112442,"AttitudeQuaternion":{"X":0.661760888204,"W":0.748605787459,"Y":-0.0404476447875,"Z":-0.00508820769717},"AttitudeRoll":-0.418935553894,"RotationRate":{"Y":0.0455343872309,"X":-0.0425730831921,"Z":-0.00572726782411},"AttitudeYaw":0.35438490808,"DotNum":0},{"GravityX":{"Y":-0.991137444973,"X":-0.0535998307168,"Z":-0.121546633542},"UserAcceleration":{"Y":0.00519080925733,"X":0.00294065033086,"Z":-0.00124084053095},"AttitudeRotationMatrix":[0.996731281281,-0.0604472197592,0.0535998307168,-0.0457353852689,0.124718874693,0.991137444973,-0.0665964186192,-0.990349113941,0.121546626091],"AttitudePitch":1.43756226818,"Time":0.127807,"AttitudeQuaternion":{"X":0.661525836976,"W":0.748831886196,"Y":-0.0401279138812,"Z":-0.00491159415574},"AttitudeRoll":-0.415328965738,"RotationRate":{"Y":0.0508429557085,"X":-0.039370406419,"Z":-0.00568766798824},"AttitudeYaw":0.351481041561,"DotNum":0},{"GravityX":{"Y":-0.990984618664,"X":-0.0530285201967,"Z":-0.123034156859},"UserAcceleration":{"Y":0.00448867632076,"X":0.0076336232014,"Z":-0.0163701400161},"AttitudeRotationMatrix":[0.996818125248,-0.0595113299787,0.0530285201967,-0.0451883859932,0.126124724746,0.990984618664,-0.0656630173326,-0.990227758884,0.123034194112],"AttitudePitch":1.43641678362,"Time":0.172458,"AttitudeQuaternion":{"X":0.660995325412,"W":0.749329195395,"Y":-0.0395992651193,"Z":-0.00477858923477},"AttitudeRoll":-0.40694718469,"RotationRate":{"Y":-0.00337065104395,"X":-0.00422771135345,"Z":-0.00550465239212},"AttitudeYaw":0.344035116293,"DotNum":0},{"GravityX":{"Y":-0.990983068943,"X":-0.052772950381,"Z":-0.123156838119},"UserAcceleration":{"Y":0.00741676753387,"X":0.00284619326703,"Z":-0.00295705441386},"AttitudeRotationMatrix":[0.996836125851,-0.0594373866916,0.052772950381,-0.0449366644025,0.126227125525,0.990983009338,-0.0655628144741,-0.990219116211,0.123156838119],"AttitudePitch":1.43640487096,"Time":0.183931,"AttitudeQuaternion":{"X":0.660956151973,"W":0.749369745749,"Y":-0.0394784318242,"Z":-0.0048376384495},"AttitudeRoll":-0.404833129661,"RotationRate":{"Y":0.00935260392725,"X":0.0128523781896,"Z":-0.00745556456968},"AttitudeYaw":0.342008652841,"DotNum":0},{"GravityX":{"Y":-0.990988790989,"X":-0.0526920258999,"Z":-0.123145468533},"UserAcceleration":{"Y":0.00827697850764,"X":0.00276526948437,"Z":-0.00368558336049},"AttitudeRotationMatrix":[0.996841430664,-0.0594198480248,0.0526920258999,-0.0448595359921,0.126209631562,0.990988850594,-0.0655346438289,-0.990222454071,0.123145446181],"AttitudePitch":1.43644755764,"Time":0.197284,"AttitudeQuaternion":{"X":0.660962611535,"W":0.749365825186,"Y":-0.0394422421746,"Z":-0.00485754357982},"AttitudeRoll":-0.404311229466,"RotationRate":{"Y":-0.00121417618357,"X":0.00118289422244,"Z":-0.000188955091289},"AttitudeYaw":0.341509936133,"DotNum":0},{"GravityX":{"Y":-0.990977287292,"X":-0.0525339320302,"Z":-0.123305484653},"UserAcceleration":{"Y":0.0100812707096,"X":0.00430089980364,"Z":-0.00828631035984},"AttitudeRotationMatrix":[0.996851205826,-0.0593959912658,0.0525339283049,-0.0446955040097,0.126358091831,0.990977287292,-0.0654981583357,-0.990204930305,0.123305484653],"AttitudePitch":1.43636170038,"Time":0.208928,"AttitudeQuaternion":{"X":0.660906122229,"W":0.749418904487,"Y":-0.0393745394709,"Z":-0.00490396159358},"AttitudeRoll":-0.402757127322,"RotationRate":{"Y":0.00089638272766,"X":0.00759198796004,"Z":-0.00225713872351},"AttitudeYaw":0.339985836596,"DotNum":0},{"GravityX":{"Y":-0.990988194942,"X":-0.0523858256638,"Z":-0.12328055501},"UserAcceleration":{"Y":0.0106567870826,"X":0.00300838449039,"Z":-0.00577827962115},"AttitudeRotationMatrix":[0.996855676174,-0.0594517476857,0.0523858256638,-0.0445434935391,0.126325964928,0.990988254547,-0.0655336678028,-0.990205645561,0.123280569911],"AttitudePitch":1.43644336183,"Time":0.222452,"AttitudeQuaternion":{"X":0.660917761082,"W":0.749410131414,"Y":-0.0393374378783,"Z":-0.00497332912732},"AttitudeRoll":-0.401812855287,"RotationRate":{"Y":-0.00337777193636,"X":0.0246592815965,"Z":-0.00424605933949},"AttitudeYaw":0.338995980468,"DotNum":0},{"GravityX":{"Y":-0.99105411768,"X":-0.0524139553308,"Z":-0.122737661004},"UserAcceleration":{"Y":0.0116839902475,"X":0.000686658720952,"Z":-0.000309216906317},"AttitudeRotationMatrix":[0.996838331223,-0.0597170256078,0.0524139553308,-0.0445737577975,0.125797227025,0.99105411768,-0.0657763332129,-0.99025696516,0.122737690806],"AttitudePitch":1.43693623419,"Time":0.239016,"AttitudeQuaternion":{"X":0.661117136242,"W":0.749228467629,"Y":-0.0394373315011,"Z":-0.00505295421279},"AttitudeRoll":-0.403597718113,"RotationRate":{"Y":-0.024621495977,"X":0.0416764318943,"Z":0.00117479194887},"AttitudeYaw":0.340527309637,"DotNum":0},{"GravityX":{"Y":-0.991192996502,"X":-0.0526645965874,"Z":-0.121502734721},"UserAcceleration":{"Y":0.0155307501554,"X":-0.00423542922363,"Z":0.0112427221611},"AttitudeRotationMatrix":[0.996804773808,-0.0600559450686,0.0526645965874,-0.0448614470661,0.124595016241,0.991193056107,-0.0660887807608,-0.990388512611,0.121502712369],"AttitudePitch":1.4379808443,"Time":0.268281,"AttitudeQuaternion":{"X":0.661571422073,"W":0.748816153748,"Y":-0.0396470387944,"Z":-0.0050728391557},"AttitudeRoll":-0.409000756379,"RotationRate":{"Y":-0.00124449806754,"X":0.0118726883084,"Z":-0.00541526125744},"AttitudeYaw":0.345606975645,"DotNum":0},{"GravityX":{"Y":-0.991251409054,"X":-0.0526410527527,"Z":-0.12103562057},"UserAcceleration":{"Y":0.0177253782749,"X":-0.00361810438335,"Z":0.012591409497},"AttitudeRotationMatrix":[0.996797800064,-0.0601918697357,0.0526410527527,-0.0448523536325,0.124132849276,0.991251409054,-0.0661997646093,-0.99043828249,0.121035605669],"AttitudePitch":1.43842256354,"Time":0.283136,"AttitudeQuaternion":{"X":0.661745666889,"W":0.748659851644,"Y":-0.0396845141815,"Z":-0.00512232602795},"AttitudeRoll":-0.410244533847,"RotationRate":{"Y":-0.00764849409461,"X":0.00978244189173,"Z":-0.0139588629827},"AttitudeYaw":0.346728367881,"DotNum":0},{"GravityX":{"Y":-0.991309046745,"X":-0.0524919219315,"Z":-0.120627596974},"UserAcceleration":{"Y":0.0195225253701,"X":-0.00340102333575,"Z":0.0105812121183},"AttitudeRotationMatrix":[0.99679851532,-0.0603105574846,0.0524919219315,-0.0447172224522,0.123720638454,0.991308987141,-0.0662807300687,-0.990482628345,0.120627626777],"AttitudePitch":1.43886002172,"Time":0.292573,"AttitudeQuaternion":{"X":0.661900725682,"W":0.748522996118,"Y":-0.0396690054376,"Z":-0.00520803532205},"AttitudeRoll":-0.410442006209,"RotationRate":{"Y":-0.00235154479742,"X":0.0204563587904,"Z":-0.0149170942605},"AttitudeYaw":0.346827214632,"DotNum":0},{"GravityX":{"Y":-0.991393983364,"X":-0.052265252918,"Z":-0.120026260614},"UserAcceleration":{"Y":0.0202636178583,"X":0.0018196963938,"Z":0.0148626863956},"AttitudeRotationMatrix":[0.996811211109,-0.0602969378233,0.052265252918,-0.0445346683264,0.123104065657,0.991394042969,-0.0662120878696,-0.990560293198,0.120026215911],"AttitudePitch":1.43950745438,"Time":0.308124,"AttitudeQuaternion":{"X":0.662133077688,"W":0.748321722904,"Y":-0.0395810185647,"Z":-0.00526587420661},"AttitudeRoll":-0.410687214951,"RotationRate":{"Y":0.00615559378639,"X":0.0119347060099,"Z":-0.0149724977091},"AttitudeYaw":0.347116530265,"DotNum":0},{"GravityX":{"Y":-0.991427183151,"X":-0.0519808717072,"Z":-0.119875498116},"UserAcceleration":{"Y":0.020479913801,"X":0.00348844169639,"Z":0.0148034794256},"AttitudeRotationMatrix":[0.996824085712,-0.0603303201497,0.0519808717072,-0.0442590378225,0.122936107218,0.991427183151,-0.0662034451962,-0.990579128265,0.119875505567],"AttitudePitch":1.43976123958,"Time":0.32336,"AttitudeQuaternion":{"X":0.662195680638,"W":0.748270618968,"Y":-0.0394858211524,"Z":-0.00536947494086},"AttitudeRoll":-0.409152371776,"RotationRate":{"Y":0.000860424013808,"X":-0.0125821633264,"Z":-0.0173270478845},"AttitudeYaw":0.345570301381,"DotNum":0},{"GravityX":{"Y":-0.991440713406,"X":-0.0517449975014,"Z":-0.119865395129},"UserAcceleration":{"Y":0.0220956467092,"X":-0.00384276919067,"Z":0.0134353442118},"AttitudeRotationMatrix":[0.996846199036,-0.0601673685014,0.0517450012267,-0.0440462566912,0.122903205454,0.991440653801,-0.0660120025277,-0.990593075752,0.119865439832],"AttitudePitch":1.43986506396,"Time":0.33977,"AttitudeQuaternion":{"X":0.662207981701,"W":0.748267123517,"Y":-0.0393432362508,"Z":-0.0053861485903},"AttitudeRoll":-0.407525614518,"RotationRate":{"Y":0.0221120491624,"X":-0.0296077430248,"Z":-0.0206195767969},"AttitudeYaw":0.344122298287,"DotNum":0},{"GravityX":{"Y":-0.991382539272,"X":-0.0512059852481,"Z":-0.120575971901},"UserAcceleration":{"Y":0.0198402032256,"X":-0.00166572001763,"Z":0.00497538689524},"AttitudeRotationMatrix":[0.996883869171,-0.0600039213896,0.0512059852481,-0.0434855222702,0.123570300639,0.991382598877,-0.065814383328,-0.990520000458,0.120575942099],"AttitudePitch":1.43942019219,"Time":0.377452,"AttitudeQuaternion":{"X":0.661954978814,"W":0.748503538755,"Y":-0.0390847748904,"Z":-0.00551714295276},"AttitudeRoll":-0.401598027671,"RotationRate":{"Y":0.00298282271251,"X":-0.0198971834034,"Z":-0.0238388236612},"AttitudeYaw":0.338374530688,"DotNum":0},{"GravityX":{"Y":-0.991385281086,"X":-0.0508891828358,"Z":-0.120687775314},"UserAcceleration":{"Y":0.020178604871,"X":-0.0042713410221,"Z":0.00549917621538},"AttitudeRotationMatrix":[0.996914088726,-0.0597711578012,0.0508891828358,-0.0431933104992,0.123651109636,0.991385281086,-0.0655487477779,-0.990523993969,0.120687820017],"AttitudePitch":1.43944086907,"Time":0.392964,"AttitudeQuaternion":{"X":0.661924324982,"W":0.748540735171,"Y":-0.038888307805,"Z":-0.00553672314806},"AttitudeRoll":-0.399038058981,"RotationRate":{"Y":0.0199593603611,"X":-0.00707691954449,"Z":-0.0258159134537},"AttitudeYaw":0.336065426165,"DotNum":0},{"GravityX":{"Y":-0.991373956203,"X":-0.0500654280186,"Z":-0.12112442404},"UserAcceleration":{"Y":0.0225781816989,"X":0.00224438216537,"Z":0.0122682247311},"AttitudeRotationMatrix":[0.996962785721,-0.0596540011466,0.0500654280186,-0.0423634462059,0.124028295279,0.991373956203,-0.0653489530087,-0.990483939648,0.121124446392],"AttitudePitch":1.43935454424,"Time":0.42677,"AttitudeQuaternion":{"X":0.661779819294,"W":0.748684765424,"Y":-0.0385390430233,"Z":-0.00577364355399},"AttitudeRoll":-0.391952211048,"RotationRate":{"Y":0.0125633766875,"X":-0.0273697786033,"Z":-0.0206909421831},"AttitudeYaw":0.329138700776,"DotNum":0},{"GravityX":{"Y":-0.991343259811,"X":-0.0498322881758,"Z":-0.121471144259},"UserAcceleration":{"Y":0.0129344686866,"X":0.00144666968845,"Z":0.00712177949026},"AttitudeRotationMatrix":[0.996987640858,-0.0594338104129,0.0498322881758,-0.0421372354031,0.124350070953,0.991343259811,-0.0651159584522,-0.990456819534,0.121471107006],"AttitudePitch":1.4391206939,"Time":0.43336,"AttitudeQuaternion":{"X":0.66165821846,"W":0.748800523867,"Y":-0.0383774612664,"Z":-0.00577476119566},"AttitudeRoll":-0.389302445474,"RotationRate":{"Y":0.0147295743227,"X":-0.0370086655021,"Z":-0.0122585128993},"AttitudeYaw":0.326715986279,"DotNum":0},{"GravityX":{"Y":-0.991287410259,"X":-0.0497480668128,"Z":-0.121960781515},"UserAcceleration":{"Y":0.00962845887989,"X":-0.00301682436839,"Z":0.00634493445978},"AttitudeRotationMatrix":[0.996986508369,-0.05952385813,0.0497480668128,-0.0420104190707,0.124837592244,0.991287410259,-0.0652156770229,-0.990390121937,0.121960774064],"AttitudePitch":1.43869570782,"Time":0.44844,"AttitudeQuaternion":{"X":0.661473374079,"W":0.748963427037,"Y":-0.0383742865949,"Z":-0.00584589376831},"AttitudeRoll":-0.387299988883,"RotationRate":{"Y":-0.0128823267296,"X":-0.0338469557464,"Z":-0.00910076033324},"AttitudeYaw":0.324616286859,"DotNum":0},{"GravityX":{"Y":-0.991250097752,"X":-0.0497295558453,"Z":-0.122271217406},"UserAcceleration":{"Y":0.0101099424064,"X":-0.00353887514211,"Z":0.000628152920399},"AttitudeRotationMatrix":[0.996986865997,-0.0595330037177,0.0497295558453,-0.0419705174863,0.125146940351,0.991250097752,-0.0652355998755,-0.990350544453,0.122271217406],"AttitudePitch":1.43841271317,"Time":0.478427,"AttitudeQuaternion":{"X":0.661356314971,"W":0.749066921585,"Y":-0.0383694538234,"Z":-0.00586145445288},"AttitudeRoll":-0.386281862854,"RotationRate":{"Y":0.0232193991542,"X":-0.00823801010847,"Z":-0.0066665224731},"AttitudeYaw":0.323582360983,"DotNum":0},{"GravityX":{"Y":-0.991230905056,"X":-0.0496635101736,"Z":-0.122453615069},"UserAcceleration":{"Y":0.0121811926365,"X":-0.00261309999041,"Z":0.00287048239261},"AttitudeRotationMatrix":[0.997022151947,-0.0589949935675,0.0496635064483,-0.0419607535005,0.125302180648,0.991230905056,-0.0647006109357,-0.990363061428,0.122453570366],"AttitudePitch":1.43826730463,"Time":0.492314,"AttitudeQuaternion":{"X":0.661299156125,"W":0.749129154804,"Y":-0.0381656903228,"Z":-0.00568468236556},"AttitudeRoll":-0.385298858157,"RotationRate":{"Y":0.0327977128327,"X":-0.0135791143402,"Z":-0.00349940150045},"AttitudeYaw":0.323138658989,"DotNum":0},{"GravityX":{"Y":-0.991208314896,"X":-0.0494511239231,"Z":-0.122722037137},"UserAcceleration":{"Y":0.0104038538411,"X":0.00716901849955,"Z":0.000499135814607},"AttitudeRotationMatrix":[0.997024655342,-0.0591302961111,0.0494511276484,-0.0417159497738,0.125562250614,0.9912083745,-0.0648196339607,-0.990322053432,0.122721984982],"AttitudePitch":1.43809654896,"Time":0.505739,"AttitudeQuaternion":{"X":0.661199730336,"W":0.74921776021,"Y":-0.0381300209916,"Z":-0.005810842343},"AttitudeRoll":-0.383048843679,"RotationRate":{"Y":-0.0266858693212,"X":-0.0125692607835,"Z":-0.00149776879698},"AttitudeYaw":0.320759974576,"DotNum":0},{"GravityX":{"Y":-0.99121004343,"X":-0.0494039803743,"Z":-0.122726760805},"UserAcceleration":{"Y":0.00880344677716,"X":0.00400908244774,"Z":0.00500520365313},"AttitudeRotationMatrix":[0.997007369995,-0.0594600364566,0.0494039803743,-0.0416274368763,0.125577747822,0.99121004343,-0.0651414245367,-0.990300357342,0.122726768255],"AttitudePitch":1.43810989546,"Time":0.522378,"AttitudeQuaternion":{"X":0.661192653744,"W":0.749218241513,"Y":-0.038221642333,"Z":-0.00595040137625},"AttitudeRoll":-0.38270497716,"RotationRate":{"Y":-0.0107535058632,"X":-0.00388995022513,"Z":-0.00359449302778},"AttitudeYaw":0.320088316632,"DotNum":0},{"GravityX":{"Y":-0.991170346737,"X":-0.0493675433099,"Z":-0.123061813414},"UserAcceleration":{"Y":0.00919096637517,"X":0.000203724644962,"Z":-0.0170749071985},"AttitudeRotationMatrix":[0.997023701668,-0.0592161491513,0.0493675433099,-0.0416001528502,0.125899910927,0.991170346737,-0.0649086534977,-0.990274012089,0.123061791062],"AttitudePitch":1.43780995191,"Time":0.532933,"AttitudeQuaternion":{"X":0.661071474784,"W":0.749330610691,"Y":-0.0381260948556,"Z":-0.00587724412429},"AttitudeRoll":-0.381506441744,"RotationRate":{"Y":0.0210948642343,"X":0.010004742071,"Z":-0.00552878156304},"AttitudeYaw":0.319128386089,"DotNum":0},{"GravityX":{"Y":-0.991212308407,"X":-0.049224704504,"Z":-0.122780531645},"UserAcceleration":{"Y":0.00981278717518,"X":0.00386032322422,"Z":-0.00659873988479},"AttitudeRotationMatrix":[0.997045576572,-0.058966755867,0.049224704504,-0.0415085926652,0.125599220395,0.991212308407,-0.0646311640739,-0.990327060223,0.122780524194],"AttitudePitch":1.43812698054,"Time":0.54858,"AttitudeQuaternion":{"X":0.661185638367,"W":0.749237166733,"Y":-0.0379905950875,"Z":-0.00582531442768},"AttitudeRoll":-0.381295945319,"RotationRate":{"Y":0.0125867202878,"X":0.0355670154095,"Z":-0.00106890476309},"AttitudeYaw":0.319184325779,"DotNum":0},{"GravityX":{"Y":-0.991315305233,"X":-0.0489785708487,"Z":-0.122045218945},"UserAcceleration":{"Y":0.012769177556,"X":0.00813079345971,"Z":0.00305718532763},"AttitudeRotationMatrix":[0.997057378292,-0.0589717701077,0.048978574574,-0.0413122177124,0.124848850071,0.991315305233,-0.0645745396614,-0.990421712399,0.122045218945],"AttitudePitch":1.43890788874,"Time":0.563068,"AttitudeQuaternion":{"X":0.661468688553,"W":0.748991232763,"Y":-0.037902015884,"Z":-0.00589444654244},"AttitudeRoll":-0.381639434686,"RotationRate":{"Y":-0.00228708609939,"X":0.0408826731145,"Z":6.50441870675e-06},"AttitudeYaw":0.319556997516,"DotNum":0},{"GravityX":{"Y":-0.991449594498,"X":-0.0485089533031,"Z":-0.121138870716},"UserAcceleration":{"Y":0.0145971551538,"X":0.00904972478747,"Z":0.0111382631585},"AttitudeRotationMatrix":[0.997085869312,-0.0588780753315,0.0485089533031,-0.040917892009,0.123909123242,0.991449594498,-0.0643853396177,-0.990545272827,0.121138870716],"AttitudePitch":1.43993273122,"Time":0.604936,"AttitudeQuaternion":{"X":0.66182283918,"W":0.748687832128,"Y":-0.0376973859806,"Z":-0.00599722043436},"AttitudeRoll":-0.380886363053,"RotationRate":{"Y":-0.0139527861029,"X":-0.00280911684968,"Z":-0.00678835250437},"AttitudeYaw":0.318950443688,"DotNum":0},{"GravityX":{"Y":-0.991209447384,"X":-0.0502305589616,"Z":-0.122395657003},"UserAcceleration":{"Y":0.0159744750708,"X":-0.0181440729648,"Z":0.00893130339682},"AttitudeRotationMatrix":[0.997577667236,-0.0481215417385,0.0502305589616,-0.0438892692328,0.124809987843,0.991209506989,-0.053967807442,-0.991013050079,0.122395634651],"AttitudePitch":1.43810533836,"Time":0.002301991,"AttitudeQuaternion":{"X":0.661508125885,"W":0.749130051759,"Y":-0.0347731229072,"Z":-0.00141239592611},"AttitudeRoll":-0.38943529569,"RotationRate":{"Y":-0.0542338192463,"X":0.044612582773,"Z":0.00172423315234},"AttitudeYaw":0.338142787631,"DotNum":1},{"GravityX":{"Y":-0.991237044334,"X":-0.0499864034355,"Z":-0.122271925211},"UserAcceleration":{"Y":0.0224718153477,"X":-0.00666948035359,"Z":0.0321687757969},"AttitudeRotationMatrix":[0.997596144676,-0.0479930080473,0.0499864071608,-0.0436701886356,0.124667473137,0.991237044334,-0.0538041293621,-0.991037130356,0.122271925211],"AttitudePitch":1.43831421618,"Time":0.01731497,"AttitudeQuaternion":{"X":0.661561925483,"W":0.749088700855,"Y":-0.0346389323895,"Z":-0.00144269356998},"AttitudeRoll":-0.38808098144,"RotationRate":{"Y":0.0285899955779,"X":-0.0127726951614,"Z":-0.0241265464574},"AttitudeYaw":0.336936127056,"DotNum":1},{"GravityX":{"Y":-0.991136550903,"X":-0.0497722551227,"Z":-0.123170852661},"UserAcceleration":{"Y":0.0103168496862,"X":0.0102519923821,"Z":0.0122241945937},"AttitudeRotationMatrix":[0.997599601746,-0.0481431931257,0.0497722551227,-0.0433903411031,0.125561222434,0.991136550903,-0.0539659410715,-0.990917086601,0.123170867562],"AttitudePitch":1.43755539666,"Time":0.04257697,"AttitudeQuaternion":{"X":0.661223780164,"W":0.749388357864,"Y":-0.0346076232432,"Z":-0.00158557783868},"AttitudeRoll":-0.384028289188,"RotationRate":{"Y":-0.0307725928724,"X":-0.0811464563012,"Z":-0.00889833923429},"AttitudeYaw":0.332723949782,"DotNum":1},{"GravityX":{"Y":-0.990878641605,"X":-0.050242614001,"Z":-0.125040844083},"UserAcceleration":{"Y":0.000247530901106,"X":0.0121108992025,"Z":-0.0302478559315},"AttitudeRotationMatrix":[0.997460365295,-0.0504827424884,0.050242614001,-0.0434551909566,0.127558529377,0.99087870121,-0.0564311482012,-0.990545511246,0.125040829182],"AttitudePitch":1.4356277952,"Time":0.07803297,"AttitudeQuaternion":{"X":0.660465932462,"W":0.750009955097,"Y":-0.0355574474338,"Z":-0.00234248698419},"AttitudeRoll":-0.382065427187,"RotationRate":{"Y":-0.11254697293,"X":-0.0226773433387,"Z":0.0137723302469},"AttitudeYaw":0.328337721135,"DotNum":1},{"GravityX":{"Y":-0.990948438644,"X":-0.0505075715482,"Z":-0.124379336834},"UserAcceleration":{"Y":0.00352165964432,"X":-0.0128164039925,"Z":-0.00397759722546},"AttitudeRotationMatrix":[0.997379601002,-0.0517973080277,0.0505075678229,-0.0435879230499,0.126969784498,0.99094837904,-0.0577413961291,-0.990553200245,0.124379336834],"AttitudePitch":1.43614662706,"Time":0.08754599,"AttitudeQuaternion":{"X":0.660687228371,"W":0.749788087162,"Y":-0.036093187193,"Z":-0.00273723518899},"AttitudeRoll":-0.385734051604,"RotationRate":{"Y":-0.0723137483001,"X":0.0691188648343,"Z":0.00296174990945},"AttitudeYaw":0.330687902942,"DotNum":1},{"GravityX":{"Y":-0.99113214016,"X":-0.0503992401063,"Z":-0.122950986028},"UserAcceleration":{"Y":0.00581112178043,"X":-0.0121465362608,"Z":0.00992913544178},"AttitudeRotationMatrix":[0.997354626656,-0.0523804277182,0.0503992401063,-0.0434904098511,0.125561162829,0.991132259369,-0.058244112879,-0.990702152252,0.122950963676],"AttitudePitch":1.43752239121,"Time":0.09726501,"AttitudeQuaternion":{"X":0.661219030865,"W":0.749310813793,"Y":-0.036247758851,"Z":-0.00296606357432},"AttitudeRoll":-0.389022973861,"RotationRate":{"Y":-0.019301360473,"X":0.0937962308526,"Z":-0.0179826878011},"AttitudeYaw":0.333435742312,"DotNum":1},{"GravityX":{"Y":-0.991273999214,"X":-0.0500144101679,"Z":-0.121960826218},"UserAcceleration":{"Y":0.0141926873475,"X":-0.00560387596488,"Z":0.0189029686153},"AttitudeRotationMatrix":[0.997386991978,-0.0521320775151,0.0500144138932,-0.0431984215975,0.12453828007,0.99127393961,-0.057905882597,-0.99084430933,0.121960833669],"AttitudePitch":1.43859394887,"Time":0.112753,"AttitudeQuaternion":{"X":0.661605601368,"W":0.748980321939,"Y":-0.0360224045683,"Z":-0.00298193843242},"AttitudeRoll":-0.389170722054,"RotationRate":{"Y":0.0402081124485,"X":0.0512213073671,"Z":-0.0246049184352},"AttitudeYaw":0.333882481645,"DotNum":1},{"GravityX":{"Y":-0.991408407688,"X":-0.0491454266012,"Z":-0.121219389141},"UserAcceleration":{"Y":0.0179434195161,"X":0.00518485531211,"Z":0.0193059407175},"AttitudeRotationMatrix":[0.997503459454,-0.050710991025,0.0491454303265,-0.0425571799278,0.123686268926,0.991408407688,-0.0563539192081,-0.991024792194,0.121219366789],"AttitudePitch":1.43961747255,"Time":0.142844,"AttitudeQuaternion":{"X":0.661928574882,"W":0.748733787254,"Y":-0.0352259193205,"Z":-0.00272253335799},"AttitudeRoll":-0.385174720526,"RotationRate":{"Y":0.0360619649291,"X":0.00545684946701,"Z":-0.0155132450163},"AttitudeYaw":0.331385375056,"DotNum":1},{"GravityX":{"Y":-0.991395652294,"X":-0.0488965474069,"Z":-0.121424160898},"UserAcceleration":{"Y":0.0152908964083,"X":0.00701117143035,"Z":0.00452657975256},"AttitudeRotationMatrix":[0.997525990009,-0.0505077205598,0.0488965474069,-0.0423242263496,0.123868256807,0.991395711899,-0.0561298690736,-0.991012454033,0.121424108744],"AttitudePitch":1.43952001548,"Time":0.167316,"AttitudeQuaternion":{"X":0.661859787102,"W":0.748802120976,"Y":-0.0350648106084,"Z":-0.00273219618033},"AttitudeRoll":-0.382824971889,"RotationRate":{"Y":-0.0148316584527,"X":-0.0170803721994,"Z":0.00438979361206},"AttitudeYaw":0.32925017053,"DotNum":1},{"GravityX":{"Y":-0.9913662076,"X":-0.0489771291614,"Z":-0.121631965041},"UserAcceleration":{"Y":0.0165279246867,"X":0.00535225076601,"Z":-0.000880855252035},"AttitudeRotationMatrix":[0.99750739336,-0.0507964007556,0.0489771254361,-0.0423563756049,0.124092794955,0.9913662076,-0.0564355440438,-0.990969598293,0.121631927788],"AttitudePitch":1.43929521985,"Time":0.182461,"AttitudeQuaternion":{"X":0.661774618735,"W":0.748871178713,"Y":-0.0351905231952,"Z":-0.00281758205442},"AttitudeRoll":-0.382803053912,"RotationRate":{"Y":-0.0222516320646,"X":-0.00539592700079,"Z":0.0119224628434},"AttitudeYaw":0.328928563537,"DotNum":1},{"GravityX":{"Y":-0.991352558136,"X":-0.0491351373494,"Z":-0.121679157019},"UserAcceleration":{"Y":0.0198407303542,"X":0.00497620040551,"Z":0.00305733154528},"AttitudeRotationMatrix":[0.99748301506,-0.0511209927499,0.0491351410747,-0.042469818145,0.12416280061,0.991352498531,-0.0567796826363,-0.990944087505,0.121679186821],"AttitudePitch":1.43919146107,"Time":0.197372,"AttitudeQuaternion":{"X":0.661747892783,"W":0.748886665827,"Y":-0.0353574253366,"Z":-0.00288801278911},"AttitudeRoll":-0.383785657507,"RotationRate":{"Y":-0.0243499651551,"X":0.00840798858553,"Z":0.0226770769805},"AttitudeYaw":0.329574492801,"DotNum":1},{"GravityX":{"Y":-0.991370081902,"X":-0.0495426692069,"Z":-0.121371015906},"UserAcceleration":{"Y":0.0173557810485,"X":0.00181317678653,"Z":0.00523636955768},"AttitudeRotationMatrix":[0.997438490391,-0.0515946522355,0.0495426692069,-0.0428323447704,0.123898260295,0.991370081902,-0.0572876445949,-0.990952730179,0.121370971203],"AttitudePitch":1.43932481946,"Time":0.212544,"AttitudeQuaternion":{"X":0.661847634081,"W":0.748783645587,"Y":-0.0356679511048,"Z":-0.00292551315687},"AttitudeRoll":-0.387548383314,"RotationRate":{"Y":-0.0466635040939,"X":0.0169166885316,"Z":0.023765148595},"AttitudeYaw":0.332844025233,"DotNum":1},{"GravityX":{"Y":-0.991382539272,"X":-0.0497950017452,"Z":-0.121165804565},"UserAcceleration":{"Y":0.024951858446,"X":0.00600227853283,"Z":-0.000599335879087},"AttitudeRotationMatrix":[0.997381210327,-0.0524515770376,0.0497950054705,-0.0429878719151,0.123744666576,0.991382479668,-0.0581614412367,-0.990926861763,0.121165819466],"AttitudePitch":1.43941990101,"Time":0.227276,"AttitudeQuaternion":{"X":0.661904595099,"W":0.74871417438,"Y":-0.0360472822133,"Z":-0.00315998632858},"AttitudeRoll":-0.389923785021,"RotationRate":{"Y":-0.059428256005,"X":0.033966768533,"Z":0.0238841418177},"AttitudeYaw":0.3343493409,"DotNum":1},{"GravityX":{"Y":-0.991460323334,"X":-0.0501484908164,"Z":-0.120380811393},"UserAcceleration":{"Y":0.0252432897687,"X":0.00145769468509,"Z":0.0143627459183},"AttitudeRotationMatrix":[0.997339487076,-0.0529065057635,0.0501484908164,-0.0433279946446,0.123000413179,0.991460263729,-0.0586229898036,-0.9909953475,0.120380833745],"AttitudePitch":1.44001520714,"Time":0.252324,"AttitudeQuaternion":{"X":0.662185448437,"W":0.748451848749,"Y":-0.0363321558956,"Z":-0.00319944202501},"AttitudeRoll":-0.394719052663,"RotationRate":{"Y":-0.0137625467032,"X":0.0286989938468,"Z":0.0186209306121},"AttitudeYaw":0.338685862155,"DotNum":1},{"GravityX":{"Y":-0.991588771343,"X":-0.0506037734449,"Z":-0.119125798345},"UserAcceleration":{"Y":0.0158197339624,"X":0.00266066007316,"Z":0.0108494292945},"AttitudeRotationMatrix":[0.997346878052,-0.0523303262889,0.0506037734449,-0.0439235903323,0.121747322381,0.991588771343,-0.0580510385334,-0.991180717945,0.119125775993],"AttitudePitch":1.44100386884,"Time":0.283378,"AttitudeQuaternion":{"X":0.662660119868,"W":0.748034093146,"Y":-0.0363134565177,"Z":-0.00280960909058},"AttitudeRoll":-0.40169509463,"RotationRate":{"Y":0.00213739392348,"X":-0.0244730394334,"Z":-0.0052148536779},"AttitudeYaw":0.346242907151,"DotNum":1},{"GravityX":{"Y":-0.991583108902,"X":-0.0502427257597,"Z":-0.119325481355},"UserAcceleration":{"Y":0.0180113501847,"X":0.00817424524575,"Z":0.00215323735029},"AttitudeRotationMatrix":[0.997355341911,-0.0525167174637,0.0502427257597,-0.0435313917696,0.121934086084,0.991583108902,-0.0582009889185,-0.991147875786,0.119325481355],"AttitudePitch":1.44096022658,"Time":0.292948,"AttitudeQuaternion":{"X":0.662588819807,"W":0.748100075541,"Y":-0.0362397094288,"Z":-0.00300271590292},"AttitudeRoll":-0.398525435037,"RotationRate":{"Y":-0.0159645508975,"X":-0.0114897126332,"Z":-0.0169155038893},"AttitudeYaw":0.342903947193,"DotNum":1},{"GravityX":{"Y":-0.991588294506,"X":-0.0499266460538,"Z":-0.119415096939},"UserAcceleration":{"Y":0.0149952862412,"X":0.0012663686648,"Z":0.00691204611212},"AttitudeRotationMatrix":[0.997362673283,-0.0526783466339,0.0499266460538,-0.0431931912899,0.122012250125,0.991588294506,-0.0583268925548,-0.991129696369,0.11941511929],"AttitudePitch":1.44100021392,"Time":0.307663,"AttitudeQuaternion":{"X":0.662558555196,"W":0.74812933537,"Y":-0.0361747421779,"Z":-0.00316962526183},"AttitudeRoll":-0.396006058228,"RotationRate":{"Y":-0.00530672352761,"X":-0.0179181490093,"Z":-0.00950078293681},"AttitudeYaw":0.340240114608,"DotNum":1},{"GravityX":{"Y":-0.991566777229,"X":-0.0497447140515,"Z":-0.119669303298},"UserAcceleration":{"Y":0.0130816930905,"X":0.00340376980603,"Z":0.0036567337811},"AttitudeRotationMatrix":[0.997375071049,-0.0526153370738,0.0497447140515,-0.0430057123303,0.122252948582,0.991566836834,-0.0582530610263,-0.991103351116,0.119669280946],"AttitudePitch":1.44083418607,"Time":0.327302,"AttitudeQuaternion":{"X":0.662467513174,"W":0.748214102993,"Y":-0.0360851836611,"Z":-0.00321085513947},"AttitudeRoll":-0.39395420986,"RotationRate":{"Y":0.00957508105785,"X":-0.0189842712134,"Z":-0.00734902592376},"AttitudeYaw":0.338256483281,"DotNum":1},{"GravityX":{"Y":-0.991523325443,"X":-0.0494456700981,"Z":-0.120152711868},"UserAcceleration":{"Y":0.00992539804429,"X":0.00675157830119,"Z":-0.0055186743848},"AttitudeRotationMatrix":[0.997403204441,-0.0523639321327,0.0494456738234,-0.0427119806409,0.122707910836,0.991523325443,-0.0579874366522,-0.991060435772,0.120152696967],"AttitudePitch":1.4404989405,"Time":0.337136,"AttitudeQuaternion":{"X":0.662295734576,"W":0.748375547538,"Y":-0.0358887682256,"Z":-0.00322430208065},"AttitudeRoll":-0.390400825795,"RotationRate":{"Y":0.0201925188303,"X":-0.0168392173946,"Z":-0.00837115664035},"AttitudeYaw":0.334961897484,"DotNum":1},{"GravityX":{"Y":-0.991492986679,"X":-0.0492534078658,"Z":-0.120481193066},"UserAcceleration":{"Y":0.010169765912,"X":0.00507921492681,"Z":-0.00506812613457},"AttitudeRotationMatrix":[0.997426688671,-0.0520971417427,0.0492534078658,-0.0425352081656,0.123013719916,0.991492986679,-0.0577127970755,-0.991036534309,0.120481200516],"AttitudePitch":1.44026601521,"Time":0.352475,"AttitudeQuaternion":{"X":0.662180448919,"W":0.748485400626,"Y":-0.0357275524205,"Z":-0.00319376215426},"AttitudeRoll":-0.388074456889,"RotationRate":{"Y":0.0170210953802,"X":-0.00834531430155,"Z":-0.00192072917707},"AttitudeYaw":0.33290697293,"DotNum":1},{"GravityX":{"Y":-0.991406083107,"X":-0.0492384955287,"Z":-0.121200598776},"UserAcceleration":{"Y":0.00971661135554,"X":0.00350790494122,"Z":-0.0148620205},"AttitudeRotationMatrix":[0.997443914413,-0.0517798215151,0.049238499254,-0.0425179079175,0.123718388379,0.991406083107,-0.0574265383184,-0.990965485573,0.121200583875],"AttitudePitch":1.43959973338,"Time":0.378029,"AttitudeQuaternion":{"X":0.661914824612,"W":0.748726075939,"Y":-0.0356155057866,"Z":-0.0030925580418},"AttitudeRoll":-0.385887990988,"RotationRate":{"Y":-0.0222664102912,"X":-0.00307909795083,"Z":0.00442053750157},"AttitudeYaw":0.331021648979,"DotNum":1},{"GravityX":{"Y":-0.991397976875,"X":-0.0491575300694,"Z":-0.121299646795},"UserAcceleration":{"Y":0.00795375462621,"X":0.00507488939911,"Z":-0.00504312384874},"AttitudeRotationMatrix":[0.997428655624,-0.0521501936018,0.0491575300694,-0.0423859842122,0.123828493059,0.991397976875,-0.0577886998653,-0.99093234539,0.121299646795],"AttitudePitch":1.43953786227,"Time":0.393124,"AttitudeQuaternion":{"X":0.661872438085,"W":0.74875843655,"Y":-0.0357078552915,"Z":-0.00326013322281},"AttitudeRoll":-0.385030035888,"RotationRate":{"Y":-0.0265385620296,"X":0.0320872329175,"Z":0.0079089011997},"AttitudeYaw":0.329795060649,"DotNum":1},{"GravityX":{"Y":-0.99144756794,"X":-0.0493339039385,"Z":-0.120821610093},"UserAcceleration":{"Y":0.010749948211,"X":0.00288614816964,"Z":-0.004285200499},"AttitudeRotationMatrix":[0.997398078442,-0.0525666922331,0.0493339039385,-0.0425370484591,0.123378604651,0.991447627544,-0.0582038722932,-0.990966498852,0.120821550488],"AttitudePitch":1.43991746454,"Time":0.411244,"AttitudeQuaternion":{"X":0.662041877854,"W":0.748598414803,"Y":-0.0359130385687,"Z":-0.00334947491293},"AttitudeRoll":-0.387658305475,"RotationRate":{"Y":-0.0275880210102,"X":0.0352624319494,"Z":0.0121899414808},"AttitudeYaw":0.332006443356,"DotNum":1},{"GravityX":{"Y":-0.991482079029,"X":-0.0495769456029,"Z":-0.12043838203},"UserAcceleration":{"Y":0.0121272252873,"X":-0.00286751217209,"Z":0.00454787956551},"AttitudeRotationMatrix":[0.99738317728,-0.0526209846139,0.0495769456029,-0.0427936166525,0.123012155294,0.991482079029,-0.0582713261247,-0.991009056568,0.120438404381],"AttitudePitch":1.44018211433,"Time":0.4244,"AttitudeQuaternion":{"X":0.662180610638,"W":0.74847071859,"Y":-0.0360228764389,"Z":-0.00328248100647},"AttitudeRoll":-0.390498211428,"RotationRate":{"Y":0.00749517511576,"X":0.0171501152217,"Z":0.0142386173829},"AttitudeYaw":0.33478608804,"DotNum":1},{"GravityX":{"Y":-0.991490900517,"X":-0.0497902743518,"Z":-0.120277673006},"UserAcceleration":{"Y":0.0132194180042,"X":-0.00431739259511,"Z":0.00620296550915},"AttitudeRotationMatrix":[0.99739420414,-0.052208956331,0.0497902780771,-0.0430651567876,0.122846126556,0.991490960121,-0.0578812509775,-0.99105155468,0.120277620852],"AttitudePitch":1.44024984294,"Time":0.447237,"AttitudeQuaternion":{"X":0.662244353477,"W":0.748418002951,"Y":-0.0359663722094,"Z":-0.00305437673891},"AttitudeRoll":-0.392483542002,"RotationRate":{"Y":0.0308622270823,"X":0.00546095473692,"Z":0.00993365142494},"AttitudeYaw":0.337175053575,"DotNum":1},{"GravityX":{"Y":-0.991527140141,"X":-0.0499451383948,"Z":-0.119914196432},"UserAcceleration":{"Y":0.0133014312014,"X":-0.00195000262465,"Z":0.0115767968819},"AttitudeRotationMatrix":[0.997414767742,-0.0516653582454,0.0499451383948,-0.0433065518737,0.12246825546,0.991527140141,-0.0573443025351,-0.991126716137,0.119914188981],"AttitudePitch":1.44052850511,"Time":0.462675,"AttitudeQuaternion":{"X":0.662388157873,"W":0.748297601741,"Y":-0.0358445096492,"Z":-0.00279260901898},"AttitudeRoll":-0.394655318312,"RotationRate":{"Y":0.0361842811108,"X":-0.00185449433047,"Z":0.00981677882373},"AttitudeYaw":0.339891227129,"DotNum":1},{"GravityX":{"Y":-0.991525769234,"X":-0.0500473193824,"Z":-0.119883134961},"UserAcceleration":{"Y":0.0171910263598,"X":-0.00113065750338,"Z":0.0153909474611},"AttitudeRotationMatrix":[0.997431516647,-0.05124142766,0.0500473231077,-0.0434616282582,0.12242461741,0.991525769234,-0.0569342151284,-0.991154193878,0.119883134961],"AttitudePitch":1.44051775888,"Time":0.479252,"AttitudeQuaternion":{"X":0.662405415678,"W":0.748287920181,"Y":-0.0357421033776,"Z":-0.00259919930267},"AttitudeRoll":-0.39547335284,"RotationRate":{"Y":0.0202481318265,"X":-0.0167712941766,"Z":0.00539481220767},"AttitudeYaw":0.341128634576,"DotNum":1},{"GravityX":{"Y":-0.991531670094,"X":-0.0501194410026,"Z":-0.119803920388},"UserAcceleration":{"Y":0.0196231063455,"X":-0.00252338219434,"Z":0.0172648578882},"AttitudeRotationMatrix":[0.997473299503,-0.0503496862948,0.0501194372773,-0.0436469949782,0.122310563922,0.991531729698,-0.0560534447432,-0.991213917732,0.119803905487],"AttitudePitch":1.44056342577,"Time":0.502363,"AttitudeQuaternion":{"X":0.662449768899,"W":0.748262617907,"Y":-0.0354731354874,"Z":-0.00223941694994},"AttitudeRoll":-0.396220814799,"RotationRate":{"Y":0.0404299534857,"X":-0.0263320002705,"Z":0.0021651564166},"AttitudeYaw":0.342767576774,"DotNum":1},{"GravityX":{"Y":-0.991492688656,"X":-0.0500027947128,"Z":-0.120174892247},"UserAcceleration":{"Y":0.0227579288185,"X":0.000793199578766,"Z":0.008190642111},"AttitudeRotationMatrix":[0.997505009174,-0.0498341880739,0.0500027909875,-0.0435738377273,0.122652366757,0.991492688656,-0.055543191731,-0.991197764873,0.120174884796],"AttitudePitch":1.44026342203,"Time":0.517725,"AttitudeQuaternion":{"X":0.662321250084,"W":0.748386981444,"Y":-0.035257825147,"Z":-0.0020912815259},"AttitudeRoll":-0.39429414151,"RotationRate":{"Y":0.0276371985674,"X":-0.0294729284942,"Z":-0.0106587447226},"AttitudeYaw":0.341355648762,"DotNum":1},{"GravityX":{"Y":-0.991482198238,"X":-0.0497999936342,"Z":-0.120345450938},"UserAcceleration":{"Y":0.0232967659831,"X":0.000727728940547,"Z":0.00492796767503},"AttitudeRotationMatrix":[0.997534930706,-0.0494365468621,0.0497999899089,-0.0434122905135,0.122794277966,0.991482198238,-0.0551306121051,-0.99120002985,0.120345428586],"AttitudePitch":1.44018293219,"Time":0.532856,"AttitudeQuaternion":{"X":0.662267923931,"W":0.748444169479,"Y":-0.0350495779754,"Z":-0.00201225959206},"AttitudeRoll":-0.392353469036,"RotationRate":{"Y":0.0265125352889,"X":-0.00702423648909,"Z":-0.0211042854935},"AttitudeYaw":0.339822106281,"DotNum":1},{"GravityX":{"Y":-0.99151879549,"X":-0.0493962205946,"Z":-0.12021035701},"UserAcceleration":{"Y":0.0214107427746,"X":0.00426072347909,"Z":0.00398416304961},"AttitudeRotationMatrix":[0.997562348843,-0.0492886900902,0.0493962205946,-0.0430378913879,0.12263058126,0.99151879549,-0.054928150028,-0.991227686405,0.120210364461],"AttitudePitch":1.44046413649,"Time":0.546993,"AttitudeQuaternion":{"X":0.662329490701,"W":