[{"Time":0.009414017,"AttitudeRotationMatrix":[0.989757299423,0.0164892077446,-0.141804754734,0.024477224797,0.95899695158,0.282357335091,0.140646189451,-0.282936215401,0.948770642281],"AttitudeQuaternion":{"X":0.14316919725,"W":0.987107507709,"Z":-0.00202308663626,"Y":0.071535000546},"UserAcceleration":{"Z":-0.00972544401884,"X":-0.000233714657952,"Y":0.000741125026252},"RotationRate":{"Z":0.00286226789467,"X":-0.0338936895132,"Y":-0.0528141856194},"AttitudeYaw":-0.0255182368345,"AttitudeRoll":0.148363333195,"GravityX":{"Z":-0.948770642281,"X":0.141804754734,"Y":-0.282357335091},"AttitudePitch":0.286250549932,"DotNum":0},{"Time":0.02666098,"AttitudeRotationMatrix":[0.989852428436,0.0163997523487,-0.141149476171,0.0243485495448,0.959052145481,0.282180935144,0.139997407794,-0.282754272223,0.948920845985],"AttitudeQuaternion":{"X":0.143072921836,"W":0.987145564245,"Z":-0.00201307657808,"Y":0.071201977152},"UserAcceleration":{"Z":-0.0124286524951,"X":-0.00156206300016,"Y":0.00181594002061},"RotationRate":{"Z":0.00726874358952,"X":0.00134323607199,"Y":-0.0284922290593},"AttitudeYaw":-0.0253826855408,"AttitudeRoll":0.147664643416,"GravityX":{"Z":-0.948920845985,"X":0.141149461269,"Y":-0.282180935144},"AttitudePitch":0.28606666666,"DotNum":0},{"Time":0.04059398,"AttitudeRotationMatrix":[0.989932000637,0.0163923166692,-0.14059138298,0.0242004916072,0.959044218063,0.282220691442,0.139459609985,-0.282781690359,0.948991835117],"AttitudeQuaternion":{"X":0.143087319153,"W":0.987163622342,"Z":-0.00197742680779,"Y":0.0709231387209},"UserAcceleration":{"Z":-0.00669662142172,"X":-0.0171782877296,"Y":0.00261865113862},"RotationRate":{"Z":-0.00502570811659,"X":0.0118115255609,"Y":0.00962789636105},"AttitudeYaw":-0.0252286142033,"AttitudeRoll":0.147078343565,"GravityX":{"Z":-0.948991835117,"X":0.140591368079,"Y":-0.282220691442},"AttitudePitch":0.286108123349,"DotNum":0},{"Time":0.06563503,"AttitudeRotationMatrix":[0.989827513695,0.0162800122052,-0.141338229179,0.024554213509,0.958976864815,0.282418906689,0.140137881041,-0.283016443253,0.94882196188],"AttitudeQuaternion":{"X":0.143203244728,"W":0.987120345718,"Z":-0.00209554011843,"Y":0.0712871831451},"UserAcceleration":{"Z":-0.00297554885037,"X":-0.0182455834001,"Y":0.00725715933368},"RotationRate":{"Z":-0.0258810911328,"X":0.0304574295878,"Y":0.0991814807057},"AttitudeYaw":-0.0255989995354,"AttitudeRoll":0.147874449597,"GravityX":{"Z":-0.94882196188,"X":0.141338229179,"Y":-0.282418906689},"AttitudePitch":0.286314728623,"DotNum":0},{"Time":0.07586104,"AttitudeRotationMatrix":[0.989551663399,0.0165116582066,-0.143230110407,0.024948021397,0.958826184273,0.282895594835,0.14200386405,-0.283513098955,0.948396146297],"AttitudeQuaternion":{"X":0.143465439179,"W":0.987012411567,"Z":-0.00213684332233,"Y":0.0722468066796},"UserAcceleration":{"Z":-0.00132615666371,"X":-0.0118366833776,"Y":0.00518561713398},"RotationRate":{"Z":-0.0272851809859,"X":0.047959394753,"Y":0.151774466038},"AttitudeYaw":-0.0260134669603,"AttitudeRoll":0.149890788052,"GravityX":{"Z":-0.948396146297,"X":0.143230110407,"Y":-0.282895565033},"AttitudePitch":0.286811668768,"DotNum":0},{"Time":0.08858699,"AttitudeRotationMatrix":[0.989288687706,0.016577962786,-0.145027756691,0.0254723653197,0.958680510521,0.283342301846,0.143732517958,-0.284001529217,0.947989523411],"AttitudeQuaternion":{"X":0.143717327248,"W":0.986909153401,"Z":-0.00225309569455,"Y":0.0731476338742},"UserAcceleration":{"Z":0.00179199723061,"X":-0.00629484653473,"Y":0.00215330952778},"RotationRate":{"Z":-0.031959168613,"X":0.0293307751417,"Y":0.0906900241971},"AttitudeYaw":-0.0265639850301,"AttitudeRoll":0.151807545969,"GravityX":{"Z":-0.947989523411,"X":0.145027756691,"Y":-0.283342272043},"AttitudePitch":0.287277421433,"DotNum":0},{"Time":0.103844,"AttitudeRotationMatrix":[0.989226579666,0.0162551049143,-0.145487353206,0.0259279925376,0.958650231361,0.283403486013,0.144078239799,-0.284122437239,0.947900772095],"AttitudeQuaternion":{"X":0.143766802745,"W":0.986886209464,"Z":-0.00245035507848,"Y":0.073353335017},"UserAcceleration":{"Z":0.00609781080857,"X":0.00528474571183,"Y":-0.00494187045842},"RotationRate":{"Z":-0.0180693920702,"X":-0.0140039008111,"Y":-0.00360328587703},"AttitudeYaw":-0.0270397613893,"AttitudeRoll":0.15229526513,"GravityX":{"Z":-0.947900772095,"X":0.145487353206,"Y":-0.283403456211},"AttitudePitch":0.287341229218,"DotNum":0},{"Time":0.11848,"AttitudeRotationMatrix":[0.989173948765,0.0162101369351,-0.145849615335,0.0260463822633,0.958706021309,0.283203750849,0.144417673349,-0.283936649561,0.947904825211],"AttitudeQuaternion":{"X":0.143669010927,"W":0.98688712372,"Z":-0.00249173499898,"Y":0.0735310246947},"UserAcceleration":{"Z":-0.0123307881877,"X":0.0187622029334,"Y":-0.0116570852697},"RotationRate":{"Z":0.00408665416762,"X":-0.0329079777002,"Y":-0.0148404790089},"AttitudeYaw":-0.0271615861664,"AttitudeRoll":0.152667986024,"GravityX":{"Z":-0.947904825211,"X":0.145849615335,"Y":-0.283203750849},"AttitudePitch":0.287132985202,"DotNum":0},{"Time":0.141905,"AttitudeRotationMatrix":[0.989271879196,0.016114000231,-0.14519482851,0.0258754231036,0.958854794502,0.282715409994,0.143776416779,-0.28343936801,0.948151051998],"AttitudeQuaternion":{"X":0.143410258093,"W":0.986949555285,"Z":-0.00247262508693,"Y":0.0731980827711},"UserAcceleration":{"Z":-0.0187678691,"X":-0.00525647541508,"Y":-0.00353948469274},"RotationRate":{"Z":0.000341473496519,"X":-0.029222978279,"Y":-0.0564175546169},"AttitudeYaw":-0.0269792119236,"AttitudeRoll":0.151954249454,"GravityX":{"Z":-0.948151051998,"X":0.14519482851,"Y":-0.282715409994},"AttitudePitch":0.286623820361,"DotNum":0},{"Time":0.152296,"AttitudeRotationMatrix":[0.989409148693,0.0156436227262,-0.144308164716,0.0260272398591,0.958942949772,0.282402098179,0.142801091075,-0.283167183399,0.94837975502],"AttitudeQuaternion":{"X":0.143253609841,"W":0.987007076599,"Z":-0.00263007664773,"Y":0.0727221885564},"UserAcceleration":{"Z":-0.0255276970565,"X":-0.00226409803145,"Y":-0.00240317429416},"RotationRate":{"Z":-0.0145808700472,"X":-0.0056298202835,"Y":-0.0477284863591},"AttitudeYaw":-0.027134931936,"AttitudeRoll":0.151004526383,"GravityX":{"Z":-0.94837975502,"X":0.144308164716,"Y":-0.282402127981},"AttitudePitch":0.286297237504,"DotNum":0},{"Time":0.165887,"AttitudeRotationMatrix":[0.989380121231,0.0156437307596,-0.144506946206,0.026157438755,0.958797156811,0.282884776592,0.142978236079,-0.283660531044,0.948205649853],"AttitudeQuaternion":{"X":0.143507237109,"W":0.986962882625,"Z":-0.00266314698568,"Y":0.0728206623518},"UserAcceleration":{"Z":-0.0241912025958,"X":0.0112547753379,"Y":-0.0095346653834},"RotationRate":{"Z":0.000604463857599,"X":0.0458932369947,"Y":0.0253682453185},"AttitudeYaw":-0.0272747490621,"AttitudeRoll":0.151236720445,"GravityX":{"Z":-0.948205649853,"X":0.144506946206,"Y":-0.282884776592},"AttitudePitch":0.286800399011,"DotNum":0},{"Time":0.180195,"AttitudeRotationMatrix":[0.989256680012,0.0158839765936,-0.145323321223,0.0263276156038,0.95846837759,0.283981025219,0.143798545003,-0.28475612402,0.947753071785],"AttitudeQuaternion":{"X":0.144079173758,"W":0.986848289182,"Z":-0.00264570532151,"Y":0.0732437442495},"UserAcceleration":{"Z":0.000426431070082,"X":0.00306841405109,"Y":-0.00711090955883},"RotationRate":{"Z":-0.000773746462073,"X":0.0599325820804,"Y":0.0571691244841},"AttitudeYaw":-0.0274615185721,"AttitudeRoll":0.152149531367,"GravityX":{"Z":-0.947753071785,"X":0.145323306322,"Y":-0.283980995417},"AttitudePitch":0.287943516939,"DotNum":0},{"Time":0.195946,"AttitudeRotationMatrix":[0.989028871059,0.0163584202528,-0.146813705564,0.0264419056475,0.958194255829,0.28489407897,0.145336464047,-0.285650521517,0.947249233723],"AttitudeQuaternion":{"X":0.144555719048,"W":0.986720875949,"Z":-0.00255479716772,"Y":0.0740204706075},"UserAcceleration":{"Z":0.00929146446288,"X":-2.41574944084e-05,"Y":-0.00766268605366},"RotationRate":{"Z":0.00424008630216,"X":0.0537573955953,"Y":0.12325309962},"AttitudeYaw":-0.0275885600807,"AttitudeRoll":0.153766071236,"GravityX":{"Z":-0.947249233723,"X":0.146813705564,"Y":-0.28489407897},"AttitudePitch":0.288895923895,"DotNum":0},{"Time":0.211433,"AttitudeRotationMatrix":[0.98866802454,0.0173817388713,-0.149108856916,0.0262780562043,0.957899093628,0.28590002656,0.147800683975,-0.286578506231,0.946587383747],"AttitudeQuaternion":{"X":0.145070252953,"W":0.986553913478,"Z":-0.00225439183788,"Y":0.0752390538651},"UserAcceleration":{"Z":0.0095756938681,"X":0.00268557714298,"Y":-0.00322352023795},"RotationRate":{"Z":0.0263700839132,"X":0.040580958128,"Y":0.162175491452},"AttitudeYaw":-0.0274261316895,"AttitudeRoll":0.156238715697,"GravityX":{"Z":-0.946587383747,"X":0.149108856916,"Y":-0.28590002656},"AttitudePitch":0.289945515187,"DotNum":0},{"Time":0.227999,"AttitudeRotationMatrix":[0.988399386406,0.018305324018,-0.150769740343,0.025949370116,0.957758724689,0.286399781704,0.149643689394,-0.286989748478,0.946173131466],"AttitudeQuaternion":{"X":0.145316488934,"W":0.986449605303,"Z":-0.00193726266965,"Y":0.076135019902},"UserAcceleration":{"Z":-0.00272516184486,"X":-0.00742868846282,"Y":0.00371547299437},"RotationRate":{"Z":0.0167941600084,"X":0.024334160611,"Y":0.0999225452542},"AttitudeYaw":-0.0270872234473,"AttitudeRoll":0.158018393431,"GravityX":{"Z":-0.946173131466,"X":0.150769755244,"Y":-0.286399811506},"AttitudePitch":0.290467110055,"DotNum":0},{"Time":0.244203,"AttitudeRotationMatrix":[0.98835670948,0.0185929760337,-0.151014462113,0.0257505103946,0.957749068737,0.286449998617,0.149959906936,-0.287003487349,0.946118950844],"AttitudeQuaternion":{"X":0.145334678286,"W":0.986436096613,"Z":-0.00181398822252,"Y":0.0762782277858},"UserAcceleration":{"Z":-0.00663986243308,"X":-0.00576605228707,"Y":0.00494061037898},"RotationRate":{"Z":0.0110668735579,"X":-0.00945919658989,"Y":-0.00516553223133},"AttitudeYaw":-0.0268800133883,"AttitudeRoll":0.158279533097,"GravityX":{"Z":-0.946118950844,"X":0.151014462113,"Y":-0.286449998617},"AttitudePitch":0.290519516385,"DotNum":0},{"Time":0.260398,"AttitudeRotationMatrix":[0.988479554653,0.0184214264154,-0.150229111314,0.0256372541189,0.957844376564,0.286141335964,0.149167254567,-0.286696314812,0.946337342262],"AttitudeQuaternion":{"X":0.145170465623,"W":0.98649141949,"Z":-0.00182865912252,"Y":0.0758740481933},"UserAcceleration":{"Z":2.49057598012e-06,"X":-0.00238672248088,"Y":-0.00115113856737},"RotationRate":{"Z":0.00283496431075,"X":-0.0339958630502,"Y":-0.0551724843681},"AttitudeYaw":-0.0267591853101,"AttitudeRoll":0.157434245824,"GravityX":{"Z":-0.946337342262,"X":0.150229126215,"Y":-0.286141335964},"AttitudePitch":0.290197363459,"DotNum":0},{"Time":0.27622,"AttitudeRotationMatrix":[0.98869651556,0.01818119362,-0.148824378848,0.0253690592945,0.958021044731,0.285573303699,0.147768959403,-0.286120831966,0.946730792522],"AttitudeQuaternion":{"X":0.144866015148,"W":0.986591142468,"Z":-0.00182138934574,"Y":0.0751560895703},"UserAcceleration":{"Z":-0.00637894170359,"X":-0.0211846083403,"Y":0.000401768978918},"RotationRate":{"Z":-0.0104981902987,"X":-0.0374880321324,"Y":-0.0501040294766},"AttitudeYaw":-0.0264745044338,"AttitudeRoll":0.155922211935,"GravityX":{"Z":-0.946730792522,"X":0.148824378848,"Y":-0.285573273897},"AttitudePitch":0.289604563108,"DotNum":0},{"Time":0.291086,"AttitudeRotationMatrix":[0.988826811314,0.0177777074277,-0.148004919291,0.0254371203482,0.958178400993,0.285038709641,0.14688244462,-0.285618722439,0.947020351887],"AttitudeQuaternion":{"X":0.144592596014,"W":0.986664277637,"Z":-0.00194073402868,"Y":0.0747182572386},"UserAcceleration":{"Z":-0.0111858500168,"X":-0.0167487990111,"Y":-0.000865248613991},"RotationRate":{"Z":-0.0154818268493,"X":-0.0280877687037,"Y":-0.0366071127355},"AttitudeYaw":-0.0265411383465,"AttitudeRoll":0.155030732833,"GravityX":{"Z":-0.947020351887,"X":0.148004904389,"Y":-0.285038679838},"AttitudePitch":0.289046784135,"DotNum":0},{"Time":0.317616,"AttitudeRotationMatrix":[0.988917589188,0.0173590779305,-0.147446990013,0.0256155021489,0.95829731226,0.284622818232,0.146238833666,-0.285245448351,0.947232425213],"AttitudeQuaternion":{"X":0.144384827549,"W":0.986717704596,"Z":-0.00209189127403,"Y":0.0744097910314},"UserAcceleration":{"Z":-0.0118130007759,"X":-0.00167977926321,"Y":-0.000396104034735},"RotationRate":{"Z":-0.0168836619705,"X":-0.0139800263569,"Y":-0.0268401615322},"AttitudeYaw":-0.0267238612222,"AttitudeRoll":0.154421569902,"GravityX":{"Z":-0.947232425213,"X":0.147446990013,"Y":-0.284622818232},"AttitudePitch":0.288612948497,"DotNum":0},{"Time":0.326484,"AttitudeRotationMatrix":[0.988874077797,0.017146775499,-0.147763356566,0.0258867051452,0.958341538906,0.284449160099,0.146485164762,-0.285109519959,0.947235286236],"AttitudeQuaternion":{"X":0.144306311048,"W":0.986718164777,"Z":-0.00221439342427,"Y":0.0745523195645},"UserAcceleration":{"Z":-0.0110014136881,"X":0.0123928925022,"Y":-0.00560518074781},"RotationRate":{"Z":-0.00856939796358,"X":0.00466301897541,"Y":0.0244081001729},"AttitudeYaw":-0.0270054147424,"AttitudeRoll":0.154747180984,"GravityX":{"Z":-0.947235286236,"X":0.147763356566,"Y":-0.284449130297},"AttitudePitch":0.288431783741,"DotNum":0},{"Time":0.337455,"AttitudeRotationMatrix":[0.988543450832,0.0179465152323,-0.149865850806,0.0258216559887,0.958160400391,0.285064727068,0.148711428046,-0.285668641329,0.946719765663],"AttitudeQuaternion":{"X":0.144623032283,"W":0.986588010579,"Z":-0.00199554959141,"Y":0.0756590622232},"UserAcceleration":{"Z":-0.0100215636194,"X":0.00824571959674,"Y":0.000244179944275},"RotationRate":{"Z":0.0188694763929,"X":0.0558858662844,"Y":0.173232078552},"AttitudeYaw":-0.0269426793749,"AttitudeRoll":0.156997373803,"GravityX":{"Z":-0.946719765663,"X":0.149865850806,"Y":-0.285064727068},"AttitudePitch":0.289073966387,"DotNum":0},{"Time":0.355415,"AttitudeRotationMatrix":[0.988180100918,0.0189908575267,-0.152116701007,0.0255767051131,0.957963585854,0.285747349262,0.151148840785,-0.286260485649,0.94615483284],"AttitudeQuaternion":{"X":0.144966916601,"W":0.986445451864,"Z":-0.00166908555104,"Y":0.0768581663971},"UserAcceleration":{"Z":-0.0182311553508,"X":0.00115783442743,"Y":-0.000797454384156},"RotationRate":{"Z":0.0213734619319,"X":0.0488896146417,"Y":0.147517561913},"AttitudeYaw":-0.0266926962091,"AttitudeRoll":0.159409444137,"GravityX":{"Z":-0.94615483284,"X":0.152116701007,"Y":-0.285747349262},"AttitudePitch":0.289786199335,"DotNum":0},{"Time":0.379567,"AttitudeRotationMatrix":[0.988074183464,0.0194084923714,-0.152750462294,0.0254107322544,0.957869470119,0.286077588797,0.151867330074,-0.286547392607,0.945952892303],"AttitudeQuaternion":{"X":0.145130833976,"W":0.986394513536,"Z":-0.00152125746536,"Y":0.077204860413},"UserAcceleration":{"Z":-0.0203099157661,"X":-0.00747153349221,"Y":-0.000985978869721},"RotationRate":{"Z":0.00104857154656,"X":0.0116983056068,"Y":0.00350723927841},"AttitudeYaw":-0.026522166495,"AttitudeRoll":0.160095914663,"GravityX":{"Z":-0.945952892303,"X":0.152750462294,"Y":-0.286077618599},"AttitudePitch":0.290130861428,"DotNum":0},{"Time":0.387735,"AttitudeRotationMatrix":[0.988242685795,0.0190623123199,-0.151700258255,0.0254291538149,0.957885444164,0.2860224545,0.150763720274,-0.286517232656,0.946138560772],"AttitudeQuaternion":{"X":0.145102313732,"W":0.986441419521,"Z":-0.00161358799368,"Y":0.076655337304},"UserAcceleration":{"Z":-0.0122812446207,"X":-0.00239301915281,"Y":-0.00664108991623},"RotationRate":{"Z":-0.00840516295284,"X":-0.0150772612542,"Y":-0.0807471722364},"AttitudeYaw":-0.0265409428395,"AttitudeRoll":0.158983062892,"GravityX":{"Z":-0.946138560772,"X":0.151700273156,"Y":-0.286022484303},"AttitudePitch":0.290073321697,"DotNum":0},{"Time":0.400593,"AttitudeRotationMatrix":[0.988406896591,0.0187245309353,-0.150669202209,0.0254291296005,0.95793223381,0.285865694284,0.149683579803,-0.286383002996,0.946350693703],"AttitudeQuaternion":{"X":0.145020682129,"W":0.986495031303,"Z":-0.00169909595888,"Y":0.0761161483725},"UserAcceleration":{"Z":-0.00192203768529,"X":-0.00374233257025,"Y":-0.00447853095829},"RotationRate":{"Z":-0.00357093079947,"X":-0.0104770958424,"Y":-0.0526725947857},"AttitudeYaw":-0.0265396230978,"AttitudeRoll":0.157885631366,"GravityX":{"Z":-0.946350693703,"X":0.15066921711,"Y":-0.285865694284},"AttitudePitch":0.289909713477,"DotNum":0},{"Time":0.416068,"AttitudeRotationMatrix":[0.988474369049,0.0185766089708,-0.150244221091,0.0254758726805,0.957877933979,0.286043435335,0.149229332805,-0.286574214697,0.94636452198],"AttitudeQuaternion":{"X":0.145113674504,"W":0.986498458055,"Z":-0.00174842225502,"Y":0.0758930612603},"UserAcceleration":{"Z":-0.00505148619413,"X":-0.00165412784554,"Y":-0.00452967407182},"RotationRate":{"Z":-0.000123778823763,"X":0.00705790147185,"Y":-0.0160494092852},"AttitudeYaw":-0.0265898906716,"AttitudeRoll":0.157445344625,"GravityX":{"Z":-0.94636452198,"X":0.150244221091,"Y":-0.286043435335},"AttitudePitch":0.290095197309,"DotNum":0},{"Time":0.432233,"AttitudeRotationMatrix":[0.988499701023,0.0184964239597,-0.150087416172,0.0255529396236,0.957789778709,0.286331534386,0.149048298597,-0.286873817444,0.946302294731],"AttitudeQuaternion":{"X":0.145264936446,"W":0.986482613434,"Z":-0.00178830190115,"Y":0.0758086644694},"UserAcceleration":{"Z":0.0033243841026,"X":-0.000810680619907,"Y":-7.59399699746e-05},"RotationRate":{"Z":-0.00388683308847,"X":0.0153114814311,"Y":-0.0135773038492},"AttitudeYaw":-0.0266727407902,"AttitudeRoll":0.157293900451,"GravityX":{"Z":-0.946302294731,"X":0.150087416172,"Y":-0.286331534386},"AttitudePitch":0.290395857518,"DotNum":0},{"Time":0.450148,"AttitudeRotationMatrix":[0.988451600075,0.0186311379075,-0.150387108326,0.0255759581923,0.957665026188,0.286746561527,0.149362891912,-0.287281394005,0.946129024029],"AttitudeQuaternion":{"X":0.145479878713,"W":0.986438753208,"Z":-0.00176007397911,"Y":0.0759677115536},"UserAcceleration":{"Z":0.00791186001152,"X":0.00169725052547,"Y":-0.00426906207576},"RotationRate":{"Z":0.00469434028491,"X":0.0150938713923,"Y":0.0426139235497},"AttitudeYaw":-0.0267002332796,"AttitudeRoll":0.157631192288,"GravityX":{"Z":-0.946129024029,"X":0.150387093425,"Y":-0.286746561527},"AttitudePitch":0.290829054109,"DotNum":0},{"Time":0.463053,"AttitudeRotationMatrix":[0.988187789917,0.0191063862294,-0.152052089572,0.025670601055,0.957540094852,0.287154942751,0.151082471013,-0.287666290998,0.945738971233],"AttitudeQuaternion":{"X":0.145695494437,"W":0.986340062247,"Z":-0.00166378089361,"Y":0.0768331721411},"UserAcceleration":{"Z":-0.00273209623992,"X":0.015519939363,"Y":-0.00643942132592},"RotationRate":{"Z":0.00941606238484,"X":0.0313184894621,"Y":0.118393592536},"AttitudeYaw":-0.0268024847593,"AttitudeRoll":0.159411752484,"GravityX":{"Z":-0.945738971233,"X":0.152052089572,"Y":-0.287154942751},"AttitudePitch":0.291255358409,"DotNum":0},{"Time":0.478892,"AttitudeRotationMatrix":[0.987784147263,0.0203201584518,-0.154497772455,0.0253143087029,0.957366704941,0.287764102221,0.153758436441,-0.288159817457,0.945157289505],"AttitudeQuaternion":{"X":0.14599673395,"W":0.986193200733,"Z":-0.0012660173271,"Y":0.078142956844},"UserAcceleration":{"Z":-0.00778463063762,"X":0.0102361124009,"Y":0.00088361883536},"RotationRate":{"Z":0.0336726456881,"X":0.041631732136,"Y":0.174356848001},"AttitudeYaw":-0.0264354412775,"AttitudeRoll":0.162029504383,"GravityX":{"Z":-0.945157289505,"X":0.154497772455,"Y":-0.287764102221},"AttitudePitch":0.291891376004,"DotNum":0},{"Time":0.494641,"AttitudeRotationMatrix":[0.987484633923,0.0214571338147,-0.156248703599,0.0248048361391,0.95724272728,0.288220524788,0.155752316117,-0.288489043713,0.94473028183],"AttitudeQuaternion":{"X":0.146211871533,"W":0.986085398878,"Z":-0.000848735331081,"Y":0.0791009127071},"UserAcceleration":{"Z":-0.0164361130446,"X":-0.0138689400628,"Y":0.00187407631893},"RotationRate":{"Z":0.0276840757579,"X":0.0300760623068,"Y":0.113268382847},"AttitudeYaw":-0.0259069986866,"AttitudeRoll":0.16390601282,"GravityX":{"Z":-0.94473028183,"X":0.156248703599,"Y":-0.288220524788},"AttitudePitch":0.292367967719,"DotNum":0},{"Time":0.510393,"AttitudeRotationMatrix":[0.987439513206,0.0216951798648,-0.156500786543,0.024675661698,0.957196891308,0.288383752108,0.156058609486,-0.288623303175,0.944638729095],"AttitudeQuaternion":{"X":0.146290712221,"W":0.986062265576,"Z":-0.000755652169935,"Y":0.0792443368009},"UserAcceleration":{"Z":-0.00618219748139,"X":-0.0202855803072,"Y":-6.84084952809e-05},"RotationRate":{"Z":-0.00365217239596,"X":0.00106181739829,"Y":0.0219505392015},"AttitudeYaw":-0.0257733772455,"AttitudeRoll":0.164181359574,"GravityX":{"Z":-0.944638729095,"X":0.156500786543,"Y":-0.288383752108},"AttitudePitch":0.292538433897,"DotNum":0},{"Time":0.525983,"AttitudeRotationMatrix":[0.987519443035,0.0214565265924,-0.156028598547,0.02472644113,0.957270085812,0.288136452436,0.155543923378,-0.28839841485,0.94479227066],"AttitudeQuaternion":{"X":0.146165247815,"W":0.986101136957,"Z":-0.000829000709779,"Y":0.0789910170895},"UserAcceleration":{"Z":-0.00302266236395,"X":-0.00810990482569,"Y":-0.00316907512024},"RotationRate":{"Z":-0.00940342713147,"X":-0.0281418580562,"Y":-0.0452098697424},"AttitudeYaw":-0.0258244190405,"AttitudeRoll":0.16366868415,"GravityX":{"Z":-0.94479227066,"X":0.156028598547,"Y":-0.288136452436},"AttitudePitch":0.292280199343,"DotNum":0},{"Time":0.541823,"AttitudeRotationMatrix":[0.98763525486,0.0212357267737,-0.155324295163,0.0246892310679,0.957349717617,0.28787496686,0.154812887311,-0.288150280714,0.944988012314],"AttitudeQuaternion":{"X":0.146028700675,"W":0.986150723657,"Z":-0.000875501051206,"Y":0.0786231664836},"UserAcceleration":{"Z":-0.00482581043616,"X":-0.00104266544804,"Y":-0.0080387480557},"RotationRate":{"Z":0.000345714041032,"X":-0.0282278750092,"Y":-0.0440577343106},"AttitudeYaw":-0.0257834293135,"AttitudeRoll":0.162909749378,"GravityX":{"Z":-0.944988012314,"X":0.155324280262,"Y":-0.287874937058},"AttitudePitch":0.292007109645,"DotNum":0},{"Time":0.568337,"AttitudeRotationMatrix":[0.987816333771,0.0210096184164,-0.154199570417,0.024501496926,0.957492232323,0.287416666746,0.153683394194,-0.287692993879,0.945311665535],"AttitudeQuaternion":{"X":0.145784461304,"W":0.986232757518,"Z":-0.000885155629803,"Y":0.0780452134328},"UserAcceleration":{"Z":-0.0146950427443,"X":-0.00914952717721,"Y":0.00171109184157},"RotationRate":{"Z":-0.00457583600655,"X":-0.0257885307074,"Y":-0.0635872632265},"AttitudeYaw":-0.0255836564932,"AttitudeRoll":0.161696240941,"GravityX":{"Z":-0.945311665535,"X":0.154199570417,"Y":-0.287416666746},"AttitudePitch":0.291528596019,"DotNum":0},{"Time":0.578682,"AttitudeRotationMatrix":[0.987996160984,0.0206526741385,-0.153091654181,0.0244581438601,0.957609593868,0.287029057741,0.152529940009,-0.28732791543,0.94560945034],"AttitudeQuaternion":{"X":0.145582542978,"W":0.986308169139,"Z":-0.000964573830197,"Y":0.0774660458993},"UserAcceleration":{"Z":-0.0127340359613,"X":-0.00823995377868,"Y":-0.000339715013979},"RotationRate":{"Z":-0.0120435571298,"X":-0.0128436675295,"Y":-0.050067640841},"AttitudeYaw":-0.0255352767637,"AttitudeRoll":0.160504672727,"GravityX":{"Z":-0.94560945034,"X":0.15309163928,"Y":-0.287029057741},"AttitudePitch":0.291123946806,"DotNum":0},{"Time":0.589053,"AttitudeRotationMatrix":[0.988054335117,0.0204121675342,-0.15274810791,0.0245711673051,0.957641899586,0.286911547184,0.152134478092,-0.287237405777,0.945700705051],"AttitudeQuaternion":{"X":0.145526405489,"W":0.986331197234,"Z":-0.00105415895722,"Y":0.0772769268142},"UserAcceleration":{"Z":-0.00896545406431,"X":-0.00630950462073,"Y":0.00608878908679},"RotationRate":{"Z":-0.00872739125043,"X":0.0152422832325,"Y":0.00121252681129},"AttitudeYaw":-0.0256523617312,"AttitudeRoll":0.160135453085,"GravityX":{"Z":-0.945700705051,"X":0.15274810791,"Y":-0.286911547184},"AttitudePitch":0.291001270762,"DotNum":0},{"Time":0.604691,"AttitudeRotationMatrix":[0.988000452518,0.0202687159181,-0.153115436435,0.0248646885157,0.957548141479,0.287198960781,0.152436569333,-0.287559866905,0.945554018021],"AttitudeQuaternion":{"X":0.145686502657,"W":0.986293899449,"Z":-0.00116496044151,"Y":0.0774495301549},"UserAcceleration":{"Z":0.0069706523791,"X":-0.00989644229412,"Y":0.00347704254091},"RotationRate":{"Z":-0.0283415336162,"X":0.0304252747446,"Y":0.0675067678094},"AttitudeYaw":-0.0259612032746,"AttitudeRoll":0.160538448772,"GravityX":{"Z":-0.945554018021,"X":0.153115436435,"Y":-0.287198960781},"AttitudePitch":0.291301321854,"DotNum":0},{"Time":0.03326499,"AttitudeRotationMatrix":[0.987576246262,0.0211122818291,-0.155715987086,0.0220602191985,0.962493538857,0.27040630579,0.155584529042,-0.270481944084,0.950069963932],"AttitudeQuaternion":{"X":0.136942250207,"W":0.987438571577,"Z":-0.000239998756428,"Y":0.0788151626943},"UserAcceleration":{"Z":-0.237719938159,"X":-0.0225983187556,"Y":-0.000162558877491},"RotationRate":{"Z":0.0910585820675,"X":0.130635529757,"Y":0.202615082264},"AttitudeYaw":-0.0229158506209,"AttitudeRoll":0.162455097384,"GravityX":{"Z":-0.950069963932,"X":0.155716001987,"Y":-0.270406275988},"AttitudePitch":0.273815016699,"DotNum":1},{"Time":0.03476799,"AttitudeRotationMatrix":[0.987459123135,0.0218964535743,-0.156348884106,0.0220217686147,0.961549460888,0.273747503757,0.156331270933,-0.273757576942,0.949008584023],"AttitudeQuaternion":{"X":0.13865524782,"W":0.987169842413,"Z":-3.17357423059e-05,"Y":0.0791860055459},"UserAcceleration":{"Z":-0.248989447951,"X":-0.0308453347534,"Y":0.0388995110989},"RotationRate":{"Z":0.00627733301371,"X":0.256717294455,"Y":-0.0622499324381},"AttitudeYaw":-0.0228983737518,"AttitudeRoll":0.163282934779,"GravityX":{"Z":-0.949008584023,"X":0.156348869205,"Y":-0.27374753356},"AttitudePitch":0.277287250475,"DotNum":1},{"Time":0.04594898,"AttitudeRotationMatrix":[0.987894415855,0.0207652617246,-0.153731569648,0.023190876469,0.960094809532,0.278711527586,0.153384402394,-0.278902739286,0.947990775108],"AttitudeQuaternion":{"X":0.141252298046,"W":0.986911852443,"Z":-0.000614445280459,"Y":0.0777972124249},"UserAcceleration":{"Z":-0.106925614178,"X":-0.000609617447481,"Y":0.0280096251518},"RotationRate":{"Z":-0.0163037069142,"X":0.384413987398,"Y":-0.182265654206},"AttitudeYaw":-0.024150081354,"AttitudeRoll":0.160766167076,"GravityX":{"Z":-0.947990775108,"X":0.153731569648,"Y":-0.278711527586},"AttitudePitch":0.282452215146,"DotNum":1},{"Time":0.05989796,"AttitudeRotationMatrix":[0.987948596478,0.0206773243845,-0.153394788504,0.0242978483438,0.958031117916,0.285632520914,0.152863115072,-0.285917431116,0.945983111858],"AttitudeQuaternion":{"X":0.144857129919,"W":0.986402921808,"Z":-0.000917607876697,"Y":0.0776198798966},"UserAcceleration":{"Z":0.070464335382,"X":-0.00129518739413,"Y":0.0236238762736},"RotationRate":{"Z":0.0092196892947,"X":0.494190037251,"Y":0.0741194561124},"AttitudeYaw":-0.0253568380106,"AttitudeRoll":0.160754630915,"GravityX":{"Z":-0.945983111858,"X":0.153394803405,"Y":-0.285632550716},"AttitudePitch":0.289666404305,"DotNum":1},{"Time":0.07560796,"AttitudeRotationMatrix":[0.987415015697,0.0220701880753,-0.156603053212,0.0251133106649,0.955769658089,0.293042004108,0.156143948436,-0.293286919594,0.943187057972],"AttitudeQuaternion":{"X":0.148709659683,"W":0.985694140745,"Z":-0.000771822362142,"Y":0.0793215122633},"UserAcceleration":{"Z":0.113917663693,"X":-0.0192434359342,"Y":0.0311401803046},"RotationRate":{"Z":0.0231160148978,"X":0.472286075354,"Y":0.272276699543},"AttitudeYaw":-0.0262694404035,"AttitudeRoll":0.164535040918,"GravityX":{"Z":-0.943187057972,"X":0.156603053212,"Y":-0.293042033911},"AttitudePitch":0.297407008133,"DotNum":1},{"Time":0.09163797,"AttitudeRotationMatrix":[0.986666977406,0.0234921183437,-0.161047980189,0.0260067153722,0.9540553689,0.298499524593,0.16066108644,-0.298707962036,0.940723955631],"AttitudeQuaternion":{"X":0.151564834862,"W":0.985069324793,"Z":-0.000638177552567,"Y":0.0816463037438},"UserAcceleration":{"Z":0.147617891431,"X":-0.030295426026,"Y":0.0179514344782},"RotationRate":{"Z":-0.0112095661461,"X":0.316841095686,"Y":0.308643400669},"AttitudeYaw":-0.0272523765968,"AttitudeRoll":0.169552136621,"GravityX":{"Z":-0.940723955631,"X":0.16104799509,"Y":-0.298499524593},"AttitudePitch":0.303120121632,"DotNum":1},{"Time":0.107675,"AttitudeRotationMatrix":[0.986096203327,0.0243258457631,-0.16438524425,0.0267183650285,0.953147828579,0.301322698593,0.164013370872,-0.301525294781,0.939245522022],"AttitudeQuaternion":{"X":0.15305464591,"W":0.984694055454,"Z":-0.000607426616069,"Y":0.0833757971545},"UserAcceleration":{"Z":0.132040306926,"X":-0.0223411750048,"Y":0.00884224195033},"RotationRate":{"Z":-0.0233714971691,"X":0.128922298551,"Y":0.158787772059},"AttitudeYaw":-0.0280243732319,"AttitudeRoll":0.173263516885,"GravityX":{"Z":-0.939245522022,"X":0.16438524425,"Y":-0.301322698593},"AttitudePitch":0.306079534391,"DotNum":1},{"Time":0.123547,"AttitudeRotationMatrix":[0.986140549183,0.0237292163074,-0.164206385612,0.0271388925612,0.953318357468,0.300745069981,0.16367739439,-0.301033318043,0.939461886883],"AttitudeQuaternion":{"X":0.152774585233,"W":0.984748801728,"Z":-0.000865621055801,"Y":0.083240460731},"UserAcceleration":{"Z":0.134148791432,"X":-0.0280216857791,"Y":0.000314772245474},"RotationRate":{"Z":-0.0361240953207,"X":-0.11280670017,"Y":-0.104730993509},"AttitudeYaw":-0.0284601303549,"AttitudeRoll":0.173039659614,"GravityX":{"Z":-0.939461886883,"X":0.164206370711,"Y":-0.300745069981},"AttitudePitch":0.305473795723,"DotNum":1},{"Time":0.138598,"AttitudeRotationMatrix":[0.986492455006,0.0224086232483,-0.162266775966,0.0272067636251,0.954425752163,0.297205835581,0.161531552672,-0.29760608077,0.940924108028],"AttitudeQuaternion":{"X":0.150949166012,"W":0.985119572995,"Z":-0.00121765451169,"Y":0.0821723402353},"UserAcceleration":{"Z":0.100378453732,"X":-0.0155077362433,"Y":-0.0101977232844},"RotationRate":{"Z":-0.0436123386025,"X":-0.271709352732,"Y":-0.139882281423},"AttitudeYaw":-0.028498181058,"AttitudeRoll":0.170774920602,"GravityX":{"Z":-0.940924108028,"X":0.162266775966,"Y":-0.297205835581},"AttitudePitch":0.301764923028,"DotNum":1},{"Time":0.154846,"AttitudeRotationMatrix":[0.986763954163,0.0213455781341,-0.160752311349,0.0271084606647,0.955636739731,0.293297618628,0.159881427884,-0.293773263693,0.942409276962],"AttitudeQuaternion":{"X":0.148927761307,"W":0.985496062026,"Z":-0.00146192455392,"Y":0.081338160912},"UserAcceleration":{"Z":0.023891184479,"X":-0.013093015179,"Y":-0.000647688400932},"RotationRate":{"Z":-0.0384823940694,"X":-0.287186890841,"Y":-0.0946191474795},"AttitudeYaw":-0.0283593048729,"AttitudeRoll":0.168949838834,"GravityX":{"Z":-0.942409276962,"X":0.160752311349,"Y":-0.293297618628},"AttitudePitch":0.297674342577,"DotNum":1},{"Time":0.193199,"AttitudeRotationMatrix":[0.986830890179,0.0206911470741,-0.160426542163,0.0269966628402,0.956806480885,0.289469331503,0.159486606717,-0.28998824954,0.943647623062],"AttitudeQuaternion":{"X":0.146949625303,"W":0.98580994673,"Z":-0.00159906967309,"Y":0.0811295231564},"UserAcceleration":{"Z":-0.00927901919931,"X":-0.00905935931951,"Y":-0.00659694289789},"RotationRate":{"Z":-0.0367162339389,"X":-0.232127889991,"Y":-0.00422858120874},"AttitudeYaw":-0.0282079009041,"AttitudeRoll":0.168396802831,"GravityX":{"Z":-0.943647623062,"X":0.160426542163,"Y":-0.289469331503},"AttitudePitch":0.293672397189,"DotNum":1},{"Time":0.193357,"AttitudeRotationMatrix":[0.986717641354,0.020272353664,-0.161174803972,0.0271202493459,0.957699537277,0.28648930788,0.160164833069,-0.287055134773,0.944429218769],"AttitudeQuaternion":{"X":0.145420844884,"W":0.986007911664,"Z":-0.00173626754126,"Y":0.0814749126015},"UserAcceleration":{"Z":-0.0564252585173,"X":0.007282235194,"Y":-0.00878354441375},"RotationRate":{"Z":-0.0450271181762,"X":-0.154556378722,"Y":0.0580767542124},"AttitudeYaw":-0.0283105521828,"AttitudeRoll":0.169030008584,"GravityX":{"Z":-0.944429218769,"X":0.161174789071,"Y":-0.286489278078},"AttitudePitch":0.290560507107,"DotNum":1},{"Time":0.208825,"AttitudeRotationMatrix":[0.986476063728,0.0202951803803,-0.162644207478,0.0272370241582,0.958209753037,0.28476703167,0.161626666784,-0.28534579277,0.944698154926],"AttitudeQuaternion":{"X":0.144540786994,"W":0.986076050862,"Z":-0.00175996643302,"Y":0.0822124402352},"UserAcceleration":{"Z":-0.092838473618,"X":0.0195152126253,"Y":-0.0161362849176},"RotationRate":{"Z":-0.0203111898154,"X":-0.0900354459882,"Y":0.105312898755},"AttitudeYaw":-0.028417255953,"AttitudeRoll":0.170493851149,"GravityX":{"Z":-0.944698154926,"X":0.162644207478,"Y":-0.28476703167},"AttitudePitch":0.288763391854,"DotNum":1},{"Time":0.220478,"AttitudeRotationMatrix":[0.986223399639,0.0205471273512,-0.164137676358,0.0273241233081,0.958390176296,0.28415080905,0.163146421313,-0.284721106291,0.944625377655],"AttitudeQuaternion":{"X":0.144228867497,"W":0.986057678323,"Z":-0.00171820481262,"Y":0.0829779282277},"UserAcceleration":{"Z":-0.101303562522,"X":0.0186320990324,"Y":-0.0140669550747},"RotationRate":{"Z":-0.0068060811609,"X":-0.0122788660228,"Y":0.0816682428122},"AttitudeYaw":-0.0285027169119,"AttitudeRoll":0.172041815747,"GravityX":{"Z":-0.944625377655,"X":0.164137676358,"Y":-0.28415080905},"AttitudePitch":0.288120621588,"DotNum":1},{"Time":0.235127,"AttitudeRotationMatrix":[0.986101567745,0.020451920107,-0.164879992604,0.0276596304029,0.958336949348,0.284297913313,0.163825020194,-0.284907132387,0.944451868534],"AttitudeQuaternion":{"X":0.144319781008,"W":0.986013481587,"Z":-0.00182748732714,"Y":0.0833419175949},"UserAcceleration":{"Z":-0.0915131121874,"X":0.00627784291282,"Y":-0.0111885629594},"RotationRate":{"Z":-0.0186619218439,"X":0.0503116212785,"Y":0.0461477227509},"AttitudeYaw":-0.0288541030989,"AttitudeRoll":0.172835641043,"GravityX":{"Z":-0.944451868534,"X":0.164879992604,"Y":-0.284297883511},"AttitudePitch":0.288274016491,"DotNum":1},{"Time":0.265181,"AttitudeRotationMatrix":[0.986072182655,0.0203050095588,-0.165073975921,0.0280402507633,0.958016037941,0.285340219736,0.163937345147,-0.28599473834,0.944103598595],"AttitudeQuaternion":{"X":0.144872824745,"W":0.985924916404,"Z":-0.00196141714498,"Y":0.0834270741848},"UserAcceleration":{"Z":-0.071262024343,"X":0.0146593023092,"Y":-0.0095664318651},"RotationRate":{"Z":-0.0107042063028,"X":0.0869615077972,"Y":-0.00668440852314},"AttitudeYaw":-0.0292607302864,"AttitudeRoll":0.173097513659,"GravityX":{"Z":-0.944103598595,"X":0.165073975921,"Y":-0.285340189934},"AttitudePitch":0.289361350298,"DotNum":1},{"Time":0.265306,"AttitudeRotationMatrix":[0.986098647118,0.0202361568809,-0.164924100041,0.0283652320504,0.95748591423,0.287082076073,0.163721933961,-0.287769377232,0.943601548672],"AttitudeQuaternion":{"X":0.145783361887,"W":0.985797410423,"Z":-0.00206154784946,"Y":0.083345227941},"UserAcceleration":{"Z":-0.0519123487175,"X":0.0211415756494,"Y":-0.0138059807941},"RotationRate":{"Z":0.0166879333556,"X":0.128163725138,"Y":-0.0365199297667},"AttitudeYaw":-0.0296160369726,"AttitudeRoll":0.173033652253,"GravityX":{"Z":-0.943601548672,"X":0.164924100041,"Y":-0.287082076073},"AttitudePitch":0.291179297819,"DotNum":1},{"Time":0.28024,"AttitudeRotationMatrix":[0.986288368702,0.0202921926975,-0.163778632879,0.0283135920763,0.956890463829,0.289065659046,0.162583976984,-0.289739251137,0.943195402622],"AttitudeQuaternion":{"X":0.146801298309,"W":0.985694462923,"Z":-0.0020344540586,"Y":0.082774788274},"UserAcceleration":{"Z":-0.0108298417181,"X":0.00171820423566,"Y":-0.012264915742},"RotationRate":{"Z":0.0214807260782,"X":0.129499301314,"Y":-0.0916599854827},"AttitudeYaw":-0.0295805370474,"AttitudeRoll":0.171928006168,"GravityX":{"Z":-0.943195402622,"X":0.163778617978,"Y":-0.289065659046},"AttitudePitch":0.293250677675,"DotNum":1},{"Time":0.29623,"AttitudeRotationMatrix":[0.986549735069,0.0201342720538,-0.162216767669,0.0283827651292,0.956210851669,0.291299194098,0.160978540778,-0.291985303164,0.9427780509],"AttitudeQuaternion":{"X":0.147953365452,"W":0.98558848223,"Z":-0.00209227595777,"Y":0.0819802886514},"UserAcceleration":{"Z":0.024000601843,"X":-0.0116125270724,"Y":-0.00459922244772},"RotationRate":{"Z":0.00570801645517,"X":0.127162337303,"Y":-0.0755439251661},"AttitudeYaw":-0.029673825884,"AttitudeRoll":0.17039406406,"GravityX":{"Z":-0.9427780509,"X":0.162216767669,"Y":-0.2912992239},"AttitudePitch":0.295584671163,"DotNum":1},{"Time":0.316764,"AttitudeRotationMatrix":[0.986603140831,0.0202645026147,-0.161875143647,0.0284749083221,0.955632567406,0.293181806803,0.160634353757,-0.293863505125,0.942253053188],"AttitudeQuaternion":{"X":0.148927433482,"W":0.985455324685,"Z":-0.00208289691124,"Y":0.0818173829123},"UserAcceleration":{"Z":0.0339431352913,"X":-0.0029090878088,"Y":-0.00489861425012},"RotationRate":{"Z":0.0192747022957,"X":0.126779466867,"Y":0.0122056752443},"AttitudeYaw":-0.0297881087431,"AttitudeRoll":0.170135029941,"GravityX":{"Z":-0.942253053188,"X":0.161875158548,"Y":-0.293181836605},"AttitudePitch":0.297553224295,"DotNum":1},{"Time":0.329065,"AttitudeRotationMatrix":[0.986476063728,0.0208560843021,-0.162573054433,0.0284281019121,0.955067515373,0.295021891594,0.161421254277,-0.295653700829,0.941558301449],"AttitudeQuaternion":{"X":0.149875147804,"W":0.985279388048,"Z":-0.00192128666523,"Y":0.0822087356385},"UserAcceleration":{"Z":0.0460505150259,"X":-0.00847454089671,"Y":0.000985029502772},"RotationRate":{"Z":0.0219217855483,"X":0.115968629718,"Y":0.0733972936869},"AttitudeYaw":-0.0297567554102,"AttitudeRoll":0.170978004267,"GravityX":{"Z":-0.941558301449,"X":0.162573054433,"Y":-0.295021891594},"AttitudePitch":0.299478433237,"DotNum":1},{"Time":0.342865,"AttitudeRotationMatrix":[0.986217796803,0.0218567233533,-0.164002329111,0.0281879138201,0.954548478127,0.2967197299,0.163033485413,-0.297253131866,0.940776586533],"AttitudeQuaternion":{"X":0.150742059031,"W":0.985081583073,"Z":-0.00160676837154,"Y":0.0829971362418},"UserAcceleration":{"Z":0.0566518567503,"X":-0.0206917691976,"Y":0.00137061683927},"RotationRate":{"Z":0.02623462677,"X":0.0721966475248,"Y":0.12731719017},"AttitudeYaw":-0.0295215225125,"AttitudeRoll":0.172592126979,"GravityX":{"Z":-0.940776586533,"X":0.16400231421,"Y":-0.2967197299},"AttitudePitch":0.301255855562,"DotNum":1},{"Time":0.35856,"AttitudeRotationMatrix":[0.985948085785,0.0225785560906,-0.1655189991,0.0280260033906,0.954423725605,0.297136247158,0.164684176445,-0.297599732876,0.940379440784],"AttitudeQuaternion":{"X":0.150951112078,"W":0.984981124327,"Z":-0.00138262733108,"Y":0.0838095151077},"UserAcceleration":{"Z":0.0483506470919,"X":-0.023993730545,"Y":0.0040301582776},"RotationRate":{"Z":0.00529281049967,"X":-0.00173962383997,"Y":0.0727156847715},"AttitudeYaw":-0.0293558841395,"AttitudeRoll":0.174228385812,"GravityX":{"Z":-0.940379440784,"X":0.1655189991,"Y":-0.297136247158},"AttitudePitch":0.301692026519,"DotNum":1},{"Time":0.374604,"AttitudeRotationMatrix":[0.985960006714,0.0227596294135,-0.165423333645,0.0277057271451,0.954638540745,0.296475440264,0.164667159319,-0.296896070242,0.940604805946],"AttitudeQuaternion":{"X":0.150596028686,"W":0.985038494359,"Z":-0.00125530535181,"Y":0.0837760406334},"UserAcceleration":{"Z":0.0271221566945,"X":-0.014178221114,"Y":0.00549033423886},"RotationRate":{"Z":0.00868933275342,"X":-0.0768954455853,"Y":-0.00177461502608},"AttitudeYaw":-0.0290140726661,"AttitudeRoll":0.174088831287,"GravityX":{"Z":-0.940604805946,"X":0.165423333645,"Y":-0.296475440264},"AttitudePitch":0.301000048638,"DotNum":1},{"Time":0.390181,"AttitudeRotationMatrix":[0.98603361845,0.0227331481874,-0.164987444878,0.0273126028478,0.955156266689,0.2948397398,0.164291441441,-0.295228123665,0.941195368767],"AttitudeQuaternion":{"X":0.149734770445,"W":0.985188469858,"Z":-0.00116207592088,"Y":0.0835573273723},"UserAcceleration":{"Z":-0.0046817320399,"X":-0.0137880966067,"Y":0.00840175058693},"RotationRate":{"Z":0.00315734161995,"X":-0.120306044817,"Y":-0.0468662679195},"AttitudeYaw":-0.0285871135471,"AttitudeRoll":0.173532504329,"GravityX":{"Z":-0.941195368767,"X":0.164987429976,"Y":-0.2948397398},"AttitudePitch":0.299287797612,"DotNum":1},{"Time":0.406272,"AttitudeRotationMatrix":[0.986175000668,0.022434392944,-0.164181336761,0.0270296018571,