[{"GravityX":{"Y":-0.92310333252,"X":-0.0124105317518,"Z":-0.384351730347},"UserAcceleration":{"Y":0.00931546557695,"X":-0.00347386719659,"Z":0.00793267600238},"AttitudeRotationMatrix":[0.999921560287,-0.00168649107218,0.0124105326831,-0.0108087640256,0.384400129318,0.92310333252,-0.00632741535082,-0.923165082932,0.384351730347],"AttitudePitch":1.17607381219,"Time":0.01322699,"AttitudeQuaternion":{"X":0.554790433037,"W":0.831966560315,"Y":-0.0056306191429,"Z":0.00274117787738},"AttitudeRoll":-0.0322783023552,"RotationRate":{"Y":-0.000722924945876,"X":0.00150651775766,"Z":-0.00204131612554},"AttitudeYaw":0.0281111164705,"DotNum":0},{"GravityX":{"Y":-0.923119544983,"X":-0.0125441299751,"Z":-0.384308457375},"UserAcceleration":{"Y":0.00922486465424,"X":-0.0031876815483,"Z":0.00337280146778},"AttitudeRotationMatrix":[0.999919712543,-0.0018056742847,0.0125441290438,-0.0108865778893,0.384359002113,0.923119485378,-0.00648830225691,-0.923181951046,0.384308487177],"AttitudePitch":1.17611596852,"Time":0.03272897,"AttitudeQuaternion":{"X":0.554809026244,"W":0.831953597788,"Y":-0.00571919887828,"Z":0.00272878917958},"AttitudeRoll":-0.0326291996922,"RotationRate":{"Y":-0.0102772573009,"X":0.00576215796173,"Z":-0.000988331157714},"AttitudeYaw":0.0283164139108,"DotNum":0},{"GravityX":{"Y":-0.923132896423,"X":-0.0127195846289,"Z":-0.384270578623},"UserAcceleration":{"Y":0.00751399854198,"X":-0.0020204060711,"Z":0.00710382079706},"AttitudeRotationMatrix":[0.999917030334,-0.00203185575083,0.0127195846289,-0.0109618827701,0.38432469964,0.923132956028,-0.00676412368193,-0.923195779324,0.384270548821],"AttitudePitch":1.17615075998,"Time":0.05680496,"AttitudeQuaternion":{"X":0.554824689374,"W":0.831942355741,"Y":-0.0058548852869,"Z":0.00268348741229},"AttitudeRoll":-0.033088513511,"RotationRate":{"Y":-0.00609942758456,"X":-0.0155490869656,"Z":0.00192929164041},"AttitudeYaw":0.0285147210243,"DotNum":0},{"GravityX":{"Y":-0.922923803329,"X":-0.0128555512056,"Z":-0.384767889977},"UserAcceleration":{"Y":0.00991418864578,"X":0.00780489156023,"Z":0.014879591763},"AttitudeRotationMatrix":[0.999914646149,-0.00233355350792,0.0128555502743,-0.0109676178545,0.384826302528,0.922923803329,-0.00710084661841,-0.922986030579,0.384767860174],"AttitudePitch":1.1756073605,"Time":0.08736497,"AttitudeQuaternion":{"X":0.554599045285,"W":0.83209207392,"Y":-0.00599585030669,"Z":0.00259408299879},"AttitudeRoll":-0.0333987597353,"RotationRate":{"Y":-0.0125822694972,"X":-0.0316538587213,"Z":0.0122923487797},"AttitudeYaw":0.0284924609397,"DotNum":0},{"GravityX":{"Y":-0.922717452049,"X":-0.0130492672324,"Z":-0.38525608182},"UserAcceleration":{"Y":0.00357375550084,"X":0.00311579578556,"Z":0.0126059455797},"AttitudeRotationMatrix":[0.99991184473,-0.00245044613257,0.0130492672324,-0.0110975652933,0.385317236185,0.922717392445,-0.00728917680681,-0.922780930996,0.38525608182],"AttitudePitch":1.17507157699,"Time":0.101423,"AttitudeQuaternion":{"X":0.554377693552,"W":0.832238727128,"Y":-0.00610955841076,"Z":0.00259754793549},"AttitudeRoll":-0.0338587260678,"RotationRate":{"Y":-0.0105101913214,"X":-0.0571474805474,"Z":0.0119317378849},"AttitudeYaw":0.0287931536239,"DotNum":0},{"GravityX":{"Y":-0.921987712383,"X":-0.0133967716247,"Z":-0.386987298727},"UserAcceleration":{"Y":0.00642985571176,"X":0.00102189334575,"Z":0.00724182417616},"AttitudeRotationMatrix":[0.999907553196,-0.00231825886294,0.0133967706934,-0.0114554353058,0.387049645185,0.921987652779,-0.00732262153178,-0.922055959702,0.386987328529],"AttitudePitch":1.1731828266,"Time":0.126654,"AttitudeQuaternion":{"X":0.553595209932,"W":0.832758145834,"Y":-0.00622011114313,"Z":0.00274304649271},"AttitudeRoll":-0.0346042963216,"RotationRate":{"Y":0.0106225041673,"X":-0.0732091739774,"Z":0.0140378111973},"AttitudeYaw":0.0295881763761,"DotNum":0},{"GravityX":{"Y":-0.921263754368,"X":-0.013681538403,"Z":-0.388697773218},"UserAcceleration":{"Y":0.00526335928589,"X":0.00693715410307,"Z":-0.0083511704579},"AttitudeRotationMatrix":[0.999904811382,-0.00178570952266,0.013681538403,-0.0119112338871,0.388756066561,0.921263754368,-0.00696389004588,-0.92133897543,0.388697773218],"AttitudePitch":1.17131724843,"Time":0.156694,"AttitudeQuaternion":{"X":0.552822524432,"W":0.833270460835,"Y":-0.00619409608807,"Z":0.00303788648621},"AttitudeRoll":-0.0351838717303,"RotationRate":{"Y":0.00105384376366,"X":-0.0277706924826,"Z":0.0284827128053},"AttitudeYaw":0.0306297701218,"DotNum":0},{"GravityX":{"Y":-0.920927464962,"X":-0.014729722403,"Z":-0.38945555687},"UserAcceleration":{"Y":0.00703281490132,"X":0.00224803294986,"Z":-0.0151922665536},"AttitudeRotationMatrix":[0.999889612198,-0.00193433091044,0.0147297214717,-0.012812952511,0.389523386955,0.920927405357,-0.00751894898713,-0.921014547348,0.389455586672],"AttitudePitch":1.17045358011,"Time":0.186959,"AttitudeQuaternion":{"X":0.552474150321,"W":0.833496930763,"Y":-0.00667329155338,"Z":0.00326294581847},"AttitudeRoll":-0.0378032992944,"RotationRate":{"Y":-0.0350578315556,"X":0.0113842459396,"Z":0.0415553599596},"AttitudeYaw":0.0328820727282,"DotNum":0},{"GravityX":{"Y":-0.920996904373,"X":-0.0161586645991,"Z":-0.389234662056},"UserAcceleration":{"Y":0.0113594448194,"X":-0.00206032884307,"Z":-0.013536343351},"AttitudeRotationMatrix":[0.999867320061,-0.00207090936601,0.0161586645991,-0.0140777118504,0.389315456152,0.920996904373,-0.00819811969996,-0.921102166176,0.389234662056],"AttitudePitch":1.17063175939,"Time":0.226613,"AttitudeQuaternion":{"X":0.552566098294,"W":0.833429274043,"Y":-0.00730619423588,"Z":0.00360162603722},"AttitudeRoll":-0.0414901191712,"RotationRate":{"Y":-0.0169131103903,"X":0.0443266034126,"Z":0.037927351892},"AttitudeYaw":0.0361444167964,"DotNum":0},{"GravityX":{"Y":-0.921071469784,"X":-0.0174394510686,"Z":-0.38900282979},"UserAcceleration":{"Y":0.00864167138934,"X":-0.00323620764539,"Z":-0.0106096100062},"AttitudeRotationMatrix":[0.999846339226,-0.00178319355473,0.0174394510686,-0.0153715200722,0.389089971781,0.921071529388,-0.00842796452343,-0.921198010445,0.389002770185],"AttitudePitch":1.17082325863,"Time":0.256993,"AttitudeQuaternion":{"X":0.552664793431,"W":0.833357541297,"Y":-0.00775999952304,"Z":0.00407637987905},"AttitudeRoll":-0.044801172057,"RotationRate":{"Y":6.6358166805e-05,"X":0.037916213274,"Z":0.036905515939},"AttitudeYaw":0.0394858017648,"DotNum":0},{"GravityX":{"Y":-0.921450436115,"X":-0.0183091666549,"Z":-0.388064205647},"UserAcceleration":{"Y":0.00557216024026,"X":7.49141181586e-05,"Z":-0.00678747380152},"AttitudeRotationMatrix":[0.99983137846,-0.00140063231811,0.0183091666549,-0.0163300838321,0.388152569532,0.921450436115,-0.00839736312628,-0.921594083309,0.388064235449],"AttitudePitch":1.1717976246,"Time":0.281744,"AttitudeQuaternion":{"X":0.553085583934,"W":0.833073846003,"Y":-0.00801445465387,"Z":0.00448023060603},"AttitudeRoll":-0.0471458050079,"RotationRate":{"Y":-0.0104077374563,"X":0.0594152286649,"Z":0.024352196604},"AttitudeYaw":0.0420465122236,"DotNum":0},{"GravityX":{"Y":-0.922038733959,"X":-0.0187910459936,"Z":-0.386641263962},"UserAcceleration":{"Y":0.00144547421951,"X":0.00919326674193,"Z":-0.00267148157582},"AttitudeRotationMatrix":[0.999822318554,-0.00150212179869,0.0187910441309,-0.0167481228709,0.386735200882,0.922038674355,-0.00865217112005,-0.922189593315,0.386641323566],"AttitudePitch":1.17331460458,"Time":0.311054,"AttitudeQuaternion":{"X":0.553725089763,"W":0.832646189648,"Y":-0.00823975951872,"Z":0.00457757511726},"AttitudeRoll":-0.0485625122272,"RotationRate":{"Y":-0.0115266088396,"X":0.0614160969853,"Z":0.0286733843386},"AttitudeYaw":0.0432794023737,"DotNum":0},{"GravityX":{"Y":-0.922710835934,"X":-0.0195448268205,"Z":-0.384997069836},"UserAcceleration":{"Y":0.00849572848529,"X":0.00199721963145,"Z":0.00450391229242},"AttitudeRotationMatrix":[0.999807417393,-0.00176624767482,0.0195448268205,-0.0173573810607,0.385101854801,0.922710835934,-0.00915648601949,-0.922872364521,0.384997010231],"AttitudePitch":1.17505441462,"Time":0.3364789,"AttitudeQuaternion":{"X":0.554461100716,"W":0.832151788166,"Y":-0.00862261933783,"Z":0.004683981284},"AttitudeRoll":-0.0507226257349,"RotationRate":{"Y":-0.025350715965,"X":0.0571670271456,"Z":0.0306277349591},"AttitudeYaw":0.0450416927322,"DotNum":0},{"GravityX":{"Y":-0.923520088196,"X":-0.0205973535776,"Z":-0.382996618748},"UserAcceleration":{"Y":0.0104188844562,"X":-0.00290118111297,"Z":0.00807291269302},"AttitudeRotationMatrix":[0.99978607893,-0.00187136419117,0.0205973554403,-0.0183090437204,0.383112818003,0.9235201478,-0.00961935333908,-0.923699676991,0.382996618748],"AttitudePitch":1.17715901375,"Time":0.367056,"AttitudeQuaternion":{"X":0.555354988272,"W":0.831549088939,"Y":-0.00908446269494,"Z":0.00494188471002},"AttitudeRoll":-0.0537277091571,"RotationRate":{"Y":-0.0146872689947,"X":0.0731088891625,"Z":0.0288186576217},"AttitudeYaw":0.0477538776089,"DotNum":0},{"GravityX":{"Y":-0.924418449402,"X":-0.0218174867332,"Z":-0.380755156279},"UserAcceleration":{"Y":0.0158949121833,"X":-0.00798292737454,"Z":0.0137965353206},"AttitudeRotationMatrix":[0.999759197235,-0.00235671270639,0.0218174867332,-0.0192754752934,0.380892246962,0.924418568611,-0.0104887001216,-0.924616456032,0.380755096674],"AttitudePitch":1.17950796355,"Time":0.397059,"AttitudeQuaternion":{"X":0.556352347421,"W":0.830874034861,"Y":-0.00972054379449,"Z":0.00509065229406},"AttitudeRoll":-0.0572379813092,"RotationRate":{"Y":-0.0208978857845,"X":0.0671645849943,"Z":0.00630714232102},"AttitudeYaw":0.0505629722856,"DotNum":0},{"GravityX":{"Y":-0.925084590912,"X":-0.0221098810434,"Z":-0.379116892815},"UserAcceleration":{"Y":0.0125937620178,"X":-0.00219737063162,"Z":0.00883186608553},"AttitudeRotationMatrix":[0.999752163887,-0.00258987676352,0.0221098810434,-0.0194760970771,0.379261374474,0.925084590912,-0.0107812769711,-0.925285935402,0.379116922617],"AttitudePitch":1.18125832234,"Time":0.437474,"AttitudeQuaternion":{"X":0.557084815616,"W":0.830380999476,"Y":-0.00990242965731,"Z":0.0050838770213},"AttitudeRoll":-0.0582534434506,"RotationRate":{"Y":-0.00179953756742,"X":0.0343262329698,"Z":-0.0014812797308},"AttitudeYaw":0.0513076387882,"DotNum":0},{"GravityX":{"Y":-0.92542642355,"X":-0.0221077390015,"Z":-0.378281801939},"UserAcceleration":{"Y":0.011943786405,"X":-0.00499187037349,"Z":-0.00169255386572},"AttitudeRotationMatrix":[0.999751508236,-0.00284835230559,0.0221077390015,-0.019385997206,0.37843105197,0.925426483154,-0.0110021950677,-0.925625085831,0.378281831741],"AttitudePitch":1.18215947244,"Time":0.467289,"AttitudeQuaternion":{"X":0.557458220275,"W":0.830130171062,"Y":-0.00997130796577,"Z":0.00498043748771},"AttitudeRoll":-0.0583761094108,"RotationRate":{"Y":0.00149152812082,"X":0.0271276440471,"Z":-0.0175154227763},"AttitudeYaw":0.0511825511666,"DotNum":0},{"GravityX":{"Y":-0.925566077232,"X":-0.0217919610441,"Z":-0.377958416939},"UserAcceleration":{"Y":0.0097945863381,"X":-0.00680301012471,"Z":-0.00131405249704},"AttitudeRotationMatrix":[0.99975836277,-0.0028936797753,0.0217919610441,-0.0190803967416,0.378104954958,0.925566077232,-0.010917940177,-0.925758242607,0.377958357334],"AttitudePitch":1.18252809565,"Time":0.480404,"AttitudeQuaternion":{"X":0.557605357032,"W":0.830033394194,"Y":-0.00985198349207,"Z":0.00487532086706},"AttitudeRoll":-0.0575932703422,"RotationRate":{"Y":0.00905205123127,"X":0.0305841676891,"Z":-0.0333865508437},"AttitudeYaw":0.0504204506391,"DotNum":0},{"GravityX":{"Y":-0.925732374191,"X":-0.0209414530545,"Z":-0.377598971128},"UserAcceleration":{"Y":0.00538327125832,"X":0.00252409512177,"Z":-0.0104777980596},"AttitudeRotationMatrix":[0.999776661396,-0.00285319751129,0.0209414530545,-0.0183125175536,0.377735584974,0.925732433796,-0.010551629588,-0.925909101963,0.377598941326],"AttitudePitch":1.18296765463,"Time":0.50644,"AttitudeQuaternion":{"X":0.557772812395,"W":0.829926385879,"Y":-0.00948670977405,"Z":0.00465683501642},"AttitudeRoll":-0.0554027515432,"RotationRate":{"Y":0.00795919168741,"X":0.0357953123748,"Z":-0.0279885716736},"AttitudeYaw":0.048441797381,"DotNum":0},{"GravityX":{"Y":-0.929128885269,"X":-0.0062102903612,"Z":-0.369703799486},"UserAcceleration":{"Y":0.0044157798402,"X":-0.00654605729505,"Z":0.00189067970496},"AttitudeRotationMatrix":[0.999945878983,0.00834739301354,0.00621028989553,-0.00885625276715,0.369649857283,0.929128885269,0.00546017196029,-0.929133653641,0.369703799486],"AttitudePitch":1.19204998887,"Time":0.01147199,"AttitudeQuaternion":{"X":0.561380489194,"W":0.827541469623,"Y":-0.000226610502176,"Z":0.00519721594104},"AttitudeRoll":-0.0167964369626,"RotationRate":{"Y":-0.0139933405444,"X":0.0177591219544,"Z":-0.00067095994018},"AttitudeYaw":0.0239539078157,"DotNum":1},{"GravityX":{"Y":-0.929099321365,"X":-0.0062888446264,"Z":-0.369776755571},"UserAcceleration":{"Y":0.00890281703323,"X":0.00476296572015,"Z":-0.00212571094744},"AttitudeRotationMatrix":[0.999946892262,0.00816537439823,0.0062888446264,-0.00886236689985,0.369724035263,0.929099321365,0.0052613071166,-0.929105758667,0.369776785374],"AttitudePitch":1.19197003962,"Time":0.041439,"AttitudeQuaternion":{"X":0.561347954691,"W":0.827563844868,"Y":-0.000310410358309,"Z":0.0051439359917},"AttitudeRoll":-0.0170054995728,"RotationRate":{"Y":-0.00669350381941,"X":0.00157309696078,"Z":0.0119355330244},"AttitudeYaw":0.0239656335744,"DotNum":1},{"GravityX":{"Y":-0.929268181324,"X":-0.00696771405637,"Z":-0.369340032339},"UserAcceleration":{"Y":0.00609620288014,"X":0.0016271378845,"Z":-0.00569047965109},"AttitudeRotationMatrix":[0.999944448471,0.00790888164192,0.00696771405637,-0.00939603801817,0.36928626895,0.929268181324,0.00477639120072,-0.929282009602,0.369340091944],"AttitudePitch":1.19242686264,"Time":0.07135499,"AttitudeQuaternion":{"X":0.561542111262,"W":0.827431375794,"Y":-0.000662086144191,"Z":0.00522850583752},"AttitudeRoll":-0.0188630718893,"RotationRate":{"Y":-0.0343434587121,"X":0.0543808192015,"Z":0.0327384807169},"AttitudeYaw":0.0254382920558,"DotNum":1},{"GravityX":{"Y":-0.930103123188,"X":-0.00847371481359,"Z":-0.367200672627},"UserAcceleration":{"Y":0.00975402072072,"X":-0.00419108010829,"Z":0.00504858372733},"AttitudeRotationMatrix":[0.999940931797,0.0068039400503,0.00847371481359,-0.0103801200166,0.367151737213,0.930103123188,0.00321722682565,-0.930136144161,0.367200672627],"AttitudePitch":1.19469355665,"Time":0.09643298,"AttitudeQuaternion":{"X":0.562491895105,"W":0.826784943446,"Y":-0.00158943636722,"Z":0.00519604882483},"AttitudeRoll":-0.0230724274873,"RotationRate":{"Y":-0.0543584823608,"X":0.0865116342902,"Z":0.0213310942054},"AttitudeYaw":0.0282644874936,"DotNum":1},{"GravityX":{"Y":-0.93051981926,"X":-0.00909782387316,"Z":-0.366128504276},"UserAcceleration":{"Y":0.0076377466321,"X":-0.00175117503386,"Z":0.00579220009968},"AttitudeRotationMatrix":[0.999939024448,0.00625475216657,0.00909782387316,-0.0107561228797,0.366083532572,0.930519878864,0.00248960778117,-0.930561006069,0.366128504276],"AttitudePitch":1.19582965028,"Time":0.1114489,"AttitudeQuaternion":{"X":0.562966919306,"W":0.826460993487,"Y":-0.00199894976667,"Z":0.00514569837818},"AttitudeRoll":-0.0248436055447,"RotationRate":{"Y":-0.0448639057577,"X":0.0652052983642,"Z":0.0232242755592},"AttitudeYaw":0.0293731578913,"DotNum":1},{"GravityX":{"Y":-0.931035459042,"X":-0.0103248190135,"Z":-0.364782631397},"UserAcceleration":{"Y":0.00615447852761,"X":0.000498159148265,"Z":-0.00132149108686},"AttitudeRotationMatrix":[0.99993377924,0.00508405873552,0.0103248190135,-0.0114679355174,0.364748477936,0.931035518646,0.000967476982623,-0.931092262268,0.364782631397],"AttitudePitch":1.19724008198,"Time":0.141784,"AttitudeQuaternion":{"X":0.5635607001,"W":0.826054613098,"Y":-0.00283193831312,"Z":0.0050093520378},"AttitudeRoll":-0.0282964771419,"RotationRate":{"Y":-0.061932798475,"X":0.039684753865,"Z":0.0269719064236},"AttitudeYaw":0.0314303112642,"DotNum":1},{"GravityX":{"Y":-0.931764483452,"X":-0.0120587814599,"Z":-0.362863004208},"UserAcceleration":{"Y":0.00865351036191,"X":0.00194220454432,"Z":-0.0100923264399},"AttitudeRotationMatrix":[0.999921798706,0.00331450579688,0.0120587814599,-0.0124395862222,0.362850129604,0.931764483452,-0.00128719257191,-0.931841611862,0.362863004208],"AttitudePitch":1.19924288548,"Time":0.181554,"AttitudeQuaternion":{"X":0.564404256928,"W":0.825474853156,"Y":-0.00404190811122,"Z":0.00477122078938},"AttitudeRoll":-0.0332201011335,"RotationRate":{"Y":-0.0916071236134,"X":0.121270850301,"Z":0.0428560003638},"AttitudeYaw":0.0342695630701,"DotNum":1},{"GravityX":{"Y":-0.932894587517,"X":-0.0144042838365,"Z":-0.359861373901},"UserAcceleration":{"Y":0.00516020739451,"X":0.00115965527948,"Z":-0.00844000931829},"AttitudeRotationMatrix":[0.999895989895,0.000690072774887,0.0144042838365,-0.0136874513701,0.359889358282,0.932894587517,-0.00454018404707,-0.93299472332,0.359861373901],"AttitudePitch":1.20236813114,"Time":0.211704,"AttitudeQuaternion":{"X":0.565717524828,"W":0.824567577278,"Y":-0.0057437584272,"Z":0.00435911035721},"AttitudeRoll":-0.0400059564175,"RotationRate":{"Y":-0.112842448056,"X":0.114973157644,"Z":0.0415259189904},"AttitudeYaw":0.0380140662504,"DotNum":1},{"GravityX":{"Y":-0.933443307877,"X":-0.0155459651724,"Z":-0.358388006687},"UserAcceleration":{"Y":0.0068533164449,"X":-0.00116240908392,"Z":6.58610297251e-05},"AttitudeRotationMatrix":[0.999879062176,-0.000455870293081,0.015545964241,-0.0143496105447,0.358437895775,0.933443307877,-0.00599779188633,-0.93355345726,0.358388006687],"AttitudePitch":1.20389468322,"Time":0.221873,"AttitudeQuaternion":{"X":0.56635967957,"W":0.824121494981,"Y":-0.00653537036957,"Z":0.00421471260777},"AttitudeRoll":-0.0433502943798,"RotationRate":{"Y":-0.0926861539483,"X":0.108544357121,"Z":0.0415935926139},"AttitudeYaw":0.0400123770464,"DotNum":1},{"GravityX":{"Y":-0.934450626373,"X":-0.0176327433437,"Z":-0.355655819178},"UserAcceleration":{"Y":0.00956967007369,"X":-0.00394318532199,"Z":0.00642791949213},"AttitudeRotationMatrix":[0.999842345715,-0.00208544405177,0.0176327433437,-0.0157375242561,0.355744749308,0.934450626373,-0.00822149962187,-0.934580802917,0.35565584898],"AttitudePitch":1.20671321729,"Time":0.251698,"AttitudeQuaternion":{"X":0.567547752691,"W":0.823292612946,"Y":-0.00785086644938,"Z":0.00414557347355},"AttitudeRoll":-0.0495375459788,"RotationRate":{"Y":-0.0682498142123,"X":0.0905576720834,"Z":0.0340666435659},"AttitudeYaw":0.0442094230661,"DotNum":1},{"GravityX":{"Y":-0.935391902924,"X":-0.0190331563354,"Z":-0.353100180626},"UserAcceleration":{"Y":0.00983953103423,"X":0.00174494786188,"Z":0.0136684123427},"AttitudeRotationMatrix":[0.999812066555,-0.00368815334514,0.0190331563354,-0.0165038052946,0.353227436543,0.935391902924,-0.0101729016751,-0.935530185699,0.353100180626],"AttitudePitch":1.20936571708,"Time":0.291186,"AttitudeQuaternion":{"X":0.568657287433,"W":0.822517425191,"Y":-0.0088770330317,"Z":0.00389525226675},"AttitudeRoll":-0.0538508770418,"RotationRate":{"Y":-0.0501327589154,"X":0.072706900537,"Z":0.0200959835202},"AttitudeYaw":0.0466889304864,"DotNum":1},{"GravityX":{"Y":-0.93608635664,"X":-0.0201383642852,"Z":-0.35119342804},"UserAcceleration":{"Y":0.0077263484709,"X":0.00388775439933,"Z":0.0115175219253},"AttitudeRotationMatrix":[0.999786257744,-0.00468037137762,0.0201383642852,-0.017210483551,0.351349085569,0.93608635664,-0.0114568276331,-0.936232864857,0.35119342804],"AttitudePitch":1.21133467391,"Time":0.306479,"AttitudeQuaternion":{"X":0.569483042757,"W":0.821938068037,"Y":-0.0096099673158,"Z":0.00381114836104},"AttitudeRoll":-0.0572799312823,"RotationRate":{"Y":-0.0545932464302,"X":0.0394472293556,"Z":0.0387483760715},"AttitudeYaw":0.0489448768004,"DotNum":1},{"GravityX":{"Y":-0.936325609684,"X":-0.0210705976933,"Z":-0.350500226021},"UserAcceleration":{"Y":0.00318961497396,"X":-0.000520588830113,"Z":0.00980196893215},"AttitudeRotationMatrix":[0.999762713909,-0.00552724162117,0.021070599556,-0.0177948605269,0.350681811571,0.936325550079,-0.0125643732026,-0.936478376389,0.350500255823],"AttitudePitch":1.21201547156,"Time":0.321741,"AttitudeQuaternion":{"X":0.569776429754,"W":0.821727555762,"Y":-0.0102330054062,"Z":0.00373226448706},"AttitudeRoll":-0.060043530698,"RotationRate":{"Y":-0.0800353288651,"X":0.0364293605089,"Z":0.0331705138087},"AttitudeYaw":0.0507001242913,"DotNum":1},{"GravityX":{"Y":-0.9365478158,"X":-0.0225638318807,"Z":-0.349812954664},"UserAcceleration":{"Y":0.0122924195603,"X":-0.00471888389438,"Z":0.0129446769133},"AttitudeRotationMatrix":[0.999721765518,-0.00687404209748,0.0225638318807,-0.0187311340123,0.350039124489,0.936547756195,-0.0143360923976,-0.936709880829,0.349812984467],"AttitudePitch":1.21264878471,"Time":0.355835,"AttitudeQuaternion":{"X":0.570059140766,"W":0.821518996705,"Y":-0.011229175273,"Z":0.00360828293945},"AttitudeRoll":-0.064413324628,"RotationRate":{"Y":-0.0215403474867,"X":0.00164936156943,"Z":0.00968658737838},"AttitudeYaw":0.0534605567701,"DotNum":1},{"GravityX":{"Y":-0.93634146452,"X":-0.0229893550277,"Z":-0.35033723712},"UserAcceleration":{"Y":0.00723378034309,"X":0.00402268022299,"Z":-0.000263951253146},"AttitudeRotationMatrix":[0.999709844589,-0.00718940515071,0.022989353165,-0.0190109722316,0.350575625896,0.93634146452,-0.0147912446409,-0.936506807804,0.35033723712],"AttitudePitch":1.21206059987,"Time":0.390872,"AttitudeQuaternion":{"X":0.569823870789,"W":0.821678578115,"Y":-0.0114949452478,"Z":0.00359677340649},"AttitudeRoll":-0.0655266964267,"RotationRate":{"Y":-0.0205983556807,"X":-0.0250610001385,"Z":0.0178245827556},"AttitudeYaw":0.0541748126688,"DotNum":1},{"GravityX":{"Y":-0.936190783978,"X":-0.0239273291081,"Z":-0.350676864386},"UserAcceleration":{"Y":0.00380250276066,"X":0.00900423247367,"Z":-0.00689761294052},"AttitudeRotationMatrix":[0.999680757523,-0.00811937265098,0.0239273272455,-0.0195573139936,0.350947707891,0.936190783978,-0.0159985236824,-0.93635982275,0.350676894188],"AttitudePitch":1.21163178804,"Time":0.421271,"AttitudeQuaternion":{"X":0.569661344099,"W":0.821782402608,"Y":-0.0121461142917,"Z":0.00347961351354},"AttitudeRoll":-0.0681262537756,"RotationRate":{"Y":-0.0556997396052,"X":0.0213747546077,"Z":0.0395379811525},"AttitudeYaw":0.0556695680719,"DotNum":1},{"GravityX":{"Y":-0.936323165894,"X":-0.0246562678367,"Z":-0.350272744894},"UserAcceleration":{"Y":0.00716972304508,"X":0.0045909602195,"Z":-0.00357856950723},"AttitudeRotationMatrix":[0.999659001827,-0.00860247109085,0.0246562678367,-0.020077355206,0.35056501627,0.936323106289,-0.0166983176023,-0.936498820782,0.350272744894],"AttitudePitch":1.21200853397,"Time":0.432284,"AttitudeQuaternion":{"X":0.569829187294,"W":0.821659409197,"Y":-0.0125826422369,"Z":0.00349137513387},"AttitudeRoll":-0.0702757055228,"RotationRate":{"Y":-0.046087231487,"X":0.0341703742743,"Z":0.0355418138206},"AttitudeYaw":0.0572089254263,"DotNum":1},{"GravityX":{"Y":-0.936521112919,"X":-0.0261381026357,"Z":-0.349635452032},"UserAcceleration":{"Y":0.00745925027877,"X":-0.007812702097,"Z":0.00222334987484},"AttitudeRotationMatrix":[0.999614536762,-0.00935585796833,0.0261381026357,-0.0212128031999,0.349968791008,0.936521172524,-0.0179094802588,-0.9367146492,0.349635452032],"AttitudePitch":1.21257276423,"Time":0.4615909,"AttitudeQuaternion":{"X":0.570089967664,"W":0.821464977037,"Y":-0.0134051919442,"Z":0.0036084759862},"AttitudeRoll":-0.0746193552696,"RotationRate":{"Y":-0.0195435397327,"X":0.0164255555719,"Z":0.0195178426802},"AttitudeYaw":0.0605393447784,"DotNum":1},{"GravityX":{"Y":-0.936560153961,"X":-0.0268096476793,"Z":-0.349480122328},"UserAcceleration":{"Y":0.0071625476703,"X":-0.00442509399727,"Z":0.00493667786941},"AttitudeRotationMatrix":[0.999597489834,-0.00927608832717,0.0268096476793,-0.0218726526946,0.349823832512,0.936560153961,-0.0180662684143,-0.936769604683,0.349480122328],"AttitudePitch":1.2126839886,"Time":0.491563,"AttitudeQuaternion":{"X":0.570152075479,"W":0.821416684505,"Y":-0.0136580846887,"Z":0.00383379283379},"AttitudeRoll":-0.0765629829122,"RotationRate":{"Y":0.00704470137134,"X":0.000616036471911,"Z":0.00884411297739},"AttitudeYaw":0.0624434813506,"DotNum":1},{"GravityX":{"Y":-0.936624705791,"X":-0.0273244027048,"Z":-0.34926712513},"UserAcceleration":{"Y":0.011728471145,"X":-0.00172833260149,"Z":0.00354874460027},"AttitudeRotationMatrix":[0.999581515789,-0.00949577707797,0.0273244008422,-0.0222820751369,0.349625051022,0.936624705791,-0.0184472724795,-0.936841547489,0.34926712513],"AttitudePitch":1.2128682841,"Time":0.5251009,"AttitudeQuaternion":{"X":0.570238844942,"W":0.821351579873,"Y":-0.0139318158117,"Z":0.0038918463579},"AttitudeRoll":-0.0780745085854,"RotationRate":{"Y":-0.0194793827832,"X":0.00812414847314,"Z":0.00874219462276},"AttitudeYaw":0.063645269812,"DotNum":1},{"GravityX":{"Y":-0.935185670853,"X":-0.0205229483545,"Z":-0.353562623262},"UserAcceleration":{"Y":-0.0263774190098,"X":0.0264891348779,"Z":0.00482300156727},"AttitudeRotationMatrix":[0.999774754047,0.00540459249169,0.0205229483545,-0.021108198911,0.353528112173,0.935185730457,-0.00220114272088,-0.935408294201,0.353562563658],"AttitudePitch":1.20878302164,"Time":0.03379303,"AttitudeQuaternion":{"X":0.568481305791,"W":0.822627735989,"Y":-0.00690594648283,"Z":0.00805734765499},"AttitudeRoll":-0.0579810889539,"RotationRate":{"Y":-0.0833520889282,"X":0.162905648351,"Z":-0.0620064847171},"AttitudeYaw":0.0596364601356,"DotNum":2},{"GravityX":{"Y":-0.935272097588,"X":-0.0211869906634,"Z":-0.353294789791},"UserAcceleration":{"Y":-0.00642406614497,"X":0.023277444765,"Z":0.0232166647911},"AttitudeRotationMatrix":[0.999773085117,0.00220673810691,0.0211869888008,-0.0205999799073,0.353329539299,0.935272097588,-0.00542208831757,-0.935496330261,0.353294819593],"AttitudePitch":1.20902708486,"Time":0.05370903,"AttitudeQuaternion":{"X":0.568583503402,"W":0.822556592111,"Y":-0.00808730946627,"Z":0.00693165631614},"AttitudeRoll":-0.0598979855143,"RotationRate":{"Y":-0.102687589824,"X":-0.103285811841,"Z":0.0319382287562},"AttitudeYaw":0.0582365383488,"DotNum":2},{"GravityX":{"Y":-0.934186458588,"X":-0.0218477062881,"Z":-0.356115609407},"UserAcceleration":{"Y":0.0154395103455,"X":-0.00825788360089,"Z":-0.00425119744614},"AttitudeRotationMatrix":[0.999759614468,0.00184072926641,0.0218477062881,-0.0210704952478,0.356162458658,0.934186398983,-0.0060617486015,-0.934422194958,0.356115609407],"AttitudePitch":1.20597201609,"Time":0.08401501,"AttitudeQuaternion":{"X":0.567336217995,"W":0.823413276345,"Y":-0.00847370829391,"Z":0.00695617409302},"AttitudeRoll":-0.0612732403553,"RotationRate":{"Y":0.0186669193208,"X":-0.0531388819218,"Z":0.00275559606962},"AttitudeYaw":0.0590909154941,"DotNum":2},{"GravityX":{"Y":-0.935086667538,"X":-0.021607292816,"Z":-0.353759884834},"UserAcceleration":{"Y":0.0187506023794,"X":-0.000716316048056,"Z":0.0205689724535},"AttitudeRotationMatrix":[0.999764561653,0.00199472531676,0.021607292816,-0.0209153518081,0.353801459074,0.935086667538,-0.00577945075929,-0.935318410397,0.353759884834],"AttitudePitch":1.20850350249,"Time":0.123088,"AttitudeQuaternion":{"X":0.568375575502,"W":0.82269768312,"Y":-0.00832223790987,"Z":0.00696187609642},"AttitudeRoll":-0.0610031922861,"RotationRate":{"Y":-0.00834055803716,"X":0.152343019843,"Z":-0.0178685951978},"AttitudeYaw":0.0590473479459,"DotNum":2},{"GravityX":{"Y":-0.935700774193,"X":-0.0215675476938,"Z":-0.352134734392},"UserAcceleration":{"Y":0.0164960809052,"X":0.00556107843295,"Z":0.0419845804572},"AttitudeRotationMatrix":[0.999766051769,0.0016454840079,0.0215675495565,-0.0207651406527,0.352182984352,0.935700833797,-0.00605604285374,-0.935929715633,0.352134764194],"AttitudePitch":1.21024026766,"Time":0.13943,"AttitudeQuaternion":{"X":0.569088823944,"W":0.822204919766,"Y":-0.00839924155385,"Z":0.00681418485896},"AttitudeRoll":-0.0611715867989,"RotationRate":{"Y":-0.0287470780313,"X":0.0873597040772,"Z":-0.00514054298401},"AttitudeYaw":0.0588930514194,"DotNum":2},{"GravityX":{"Y":-0.9355032444,"X":-0.0216919686645,"Z":-0.352651566267},"UserAcceleration":{"Y":0.0113699547946,"X":-0.0072386963293,"Z":0.0444850474596},"AttitudeRotationMatrix":[0.999764680862,0.000312972813845,0.0216919686645,-0.0204081032425,0.35272821784,0.935503184795,-0.00735858129337,-0.935725748539,0.352651596069],"AttitudePitch":1.20968075871,"Time":0.166801,"AttitudeQuaternion":{"X":0.568855192726,"W":0.822366156895,"Y":-0.00883139123964,"Z":0.00629922463576},"AttitudeRoll":-0.0614336492933,"RotationRate":{"Y":-0.0206007920206,"X":-0.137654826045,"Z":-0.018021626398},"AttitudeYaw":0.0577934466636,"DotNum":2},{"GravityX":{"Y":-0.933949768543,"X":-0.0208521317691,"Z":-0.356795430183},"UserAcceleration":{"Y":0.00981648359448,"X":0.00388435879722,"Z":0.00852884165943},"AttitudeRotationMatrix":[0.999782145023,0.000940780155361,0.0208521317691,-0.0198148824275,0.356854557991,0.933949828148,-0.00656253611669,-0.934159517288,0.356795459986],"AttitudePitch":1.2053092393,"Time":0.193748,"AttitudeQuaternion":{"X":0.567038829195,"W":0.823624932962,"Y":-0.00832134497681,"Z":0.00630009582082},"AttitudeRoll":-0.0583764189662,"RotationRate":{"Y":0.0483790747821,"X":-0.155859813094,"Z":-0.0198651757091},"AttitudeYaw":0.0554695369611,"DotNum":2},{"GravityX":{"Y":-0.93234205246,"X":-0.0198541618884,"Z":-0.361032038927},"UserAcceleration":{"Y":0.00382946268655,"X":-4.32987471868e-05,"Z":-0.0258698072284},"AttitudeRotationMatrix":[0.999801337719,0.00177547521889,0.0198541618884,-0.0191557463259,0.36106979847,0.93234205246,-0.00551338680089,-0.932537078857,0.361032068729],"AttitudePitch":1.20083695278,"Time":0.223419,"AttitudeQuaternion":{"X":0.565176848802,"W":0.824909561522,"Y":-0.00768797899498,"Z":0.00634349004399},"AttitudeRoll":-0.0549374608355,"RotationRate":{"Y":0.0177058000118,"X":-0.0920929312706,"Z":-0.0170389954001},"AttitudeYaw":0.0530030652155,"DotNum":2},{"GravityX":{"Y":-0.932026922703,"X":-0.0196083206683,"Z":-0.361858099699},"UserAcceleration":{"Y":0.00508603174239,"X":0.0114906448871,"Z":-0.0347636118531},"AttitudeRotationMatrix":[0.999805986881,0.00186873693019,0.0196083206683,-0.0189554430544,0.361892908812,0.932026922703,-0.00535439886153,-0.932217776775,0.361858099699],"AttitudePitch":1.19996650834,"Time":0.239296,"AttitudeQuaternion":{"X":0.564813026439,"W":0.82516013061,"Y":-0.00756299274109,"Z":0.00630913280941},"AttitudeRoll":-0.0541349301045,"RotationRate":{"Y":0.0103151611984,"X":-0.043353445828,"Z":-0.00891900248826},"AttitudeYaw":0.0523307807435,"DotNum":2},{"GravityX":{"Y":-0.931661605835,"X":-0.0194099061191,"Z":-0.362808376551},"UserAcceleration":{"Y":0.00859641749412,"X":-0.0056602852419,"Z":-0.0256956592202},"AttitudeRotationMatrix":[0.999809861183,0.00187360309064,0.0194099061191,-0.0187668539584,0.362842172384,0.931661605835,-0.00529716908932,-0.93184876442,0.362808346748],"AttitudePitch":1.19895965181,"Time":0.263128,"AttitudeQuaternion":{"X":0.564393321679,"W":0.82544842704,"Y":-0.00748292479977,"Z":0.00625128604461},"AttitudeRoll":-0.0534481026488,"RotationRate":{"Y":-0.00545679079369,"X":0.0236353091896,"Z":-0.0101884035394},"AttitudeYaw":0.0516757592379,"DotNum":2},{"GravityX":{"Y":-0.932042658329,"X":-0.0189287960529,"Z":-0.36185374856},"UserAcceleration":{"Y":0.00903852842748,"X":-0.000297277991194,"Z":-0.0137260714546},"AttitudeRotationMatrix":[0.999819099903,0.00187643244863,0.0189287960529,-0.0183248128742,0.361884832382,0.932042717934,-0.00510112941265,-0.932220935822,0.36185374856],"AttitudePitch":1.20000991513,"Time":0.2951871,"AttitudeQuaternion":{"X":0.564818656414,"W":0.825160240258,"Y":-0.00728038155757,"Z":0.00612040109174},"AttitudeRoll":-0.0522629881827,"RotationRate":{"Y":-9.94242727757e-05,"X":0.0607325844467,"Z":-0.00639996724203},"AttitudeYaw":0.0505939265885,"DotNum":2},{"GravityX":{"Y":-0.932343184948,"X":-0.0188035517931,"Z":-0.361085265875},"UserAcceleration":{"Y":0.00140449136961,"X":-0.00631241500378,"Z":-0.0119463615119},"AttitudeRotationMatrix":[0.999821782112,0.00169059820473,0.0188035517931,-0.0181451048702,0.361118942499,0.932343184948,-0.0052141007036,-0.932518184185,0.361085265875],"AttitudePitch":1.20084020605,"Time":0.312916,"AttitudeQuaternion":{"X":0.565158732541,"W":0.824928173339,"Y":-0.00727871035223,"Z":0.00601134250548},"AttitudeRoll":-0.0520281068943,"RotationRate":{"Y":-0.00851574167609,"X":0.0471228510141,"Z":-0.0173588134348},"AttitudeYaw":0.0502046705462,"DotNum":2},{"GravityX":{"Y":-0.932828009129,"X":-0.0182524565607,"Z":-0.359859287739},"UserAcceleration":{"Y":0.00242337258533,"X":0.0059996494092,"Z":0.00670986901969},"AttitudeRotationMatrix":[0.999832570553,0.00130882114172,0.0182524565607,-0.0175003744662,0.359896630049,0.932828068733,-0.00534809334204,-0.932991266251,0.359859287739],"AttitudePitch":1.20218339998,"Time":0.350089,"AttitudeQuaternion":{"X":0.565702357298,"W":0.824558742381,"Y":-0.00715550941624,"Z":0.00570280596691},"AttitudeRoll":-0.0506776674714,"RotationRate":{"Y":-0.00218982994556,"X":0.0459466055036,"Z":-0.0119977574795},"AttitudeYaw":0.048587839998,"DotNum":2},{"GravityX":{"Y":-0.933347165585,"X":-0.0180419199169,"Z":-0.358521342278},"UserAcceleration":{"Y":0.0078253140673,"X":0.00542290043086,"Z":0.0207375381142},"AttitudeRotationMatrix":[0.999836087227,0.00151365995407,0.0180419199169,-0.0173849519342,0.358553797007,0.933347165585,-0.00505622895435,-0.933507859707,0.358521312475],"AttitudePitch":1.20362683323,"Time":0.378372,"AttitudeQuaternion":{"X":0.566295179989,"W":0.82415278432,"Y":-0.00700663388621,"Z":0.00573273943544},"AttitudeRoll":-0.0502807215165,"RotationRate":{"Y":0.0103257289156,"X":0.0126199834049,"Z":0.00785682629794},"AttitudeYaw":0.048448370897,"DotNum":2},{"GravityX":{"Y":-0.933426916599,"X":-0.0184951405972,"Z":-0.358290612698},"UserAcceleration":{"Y":0.0110330926254,"X":-0.00124973186757,"Z":0.00701803714037},"AttitudeRotationMatrix":[0.999828338623,0.00110306311399,0.0184951424599,-0.0176621563733,0.358332663774,0.933426856995,-0.00559778418392,-0.933593273163,0.3582906425],"AttitudePitch":1.20384899373,"Time":0.403625,"AttitudeQuaternion":{"X":0.566393210043,"W":0.82408306772,"Y":-0.00730901003703,"Z":0.00569275745792},"AttitudeRoll":-0.0515747231409,"RotationRate":{"Y":-0.014056484215,"X":-0.0358528904617,"Z":-0.0101043926552},"AttitudeYaw":0.0492499774734,"DotNum":2},{"GravityX":{"Y":-0.933067500591,"X":-0.0182748399675,"Z":-0.359236776829},"UserAcceleration":{"Y":0.00791186559945,"X":-0.00137848081067,"Z":-0.00103849242441},"AttitudeRotationMatrix":[0.999832332134,0.00115280412138,0.0182748399675,-0.0174687635154,0.359276890755,0.933067500591,-0.0054900823161,-0.933230340481,0.359236776829],"AttitudePitch":1.20284857126,"Time":0.435691,"AttitudeQuaternion":{"X":0.565976740857,"W":0.824370364037,"Y":-0.00720699200776,"Z":0.00564720932607},"AttitudeRoll":-0.0508274785265,"RotationRate":{"Y":0.00611410755664,"X":-0.0147643247619,"Z":-0.004302484449},"AttitudeYaw":0.0485837481345,"DotNum":2},{"GravityX":{"Y":-0.932952463627,"X":-0.01821038872,"Z":-0.359538793564},"UserAcceleration":{"Y":0.0143122980371,"X":-0.00362493772991,"Z":-0.00465799355879},"AttitudeRotationMatrix":[0.999833583832,0.00108497962356,0.01821038872,-0.0173824559897,0.359579801559,0.932952404022,-0.00553585356101,-0.933113694191,0.359538823366],"AttitudePitch":1.2025287976,"Time":0.450577,"AttitudeQuaternion":{"X":0.56584340639,"W":0.824462269395,"Y":-0.00720052439827,"Z":0.00559984257156},"AttitudeRoll":-0.0506060600128,"RotationRate":{"Y":-0.00231391028501,"X":-0.00719094322994,"Z":-0.0106518315151},"AttitudeYaw":0.0483034280847,"DotNum":2},{"GravityX":{"Y":-0.932589113712,"X":-0.0178509894758,"Z":-0.360498160124},"UserAcceleration":{"Y":0.0102868471295,"X":0.00327884661965,"Z":-0.00438526039943},"AttitudeRotationMatrix":[0.999840080738,0.00106372218579,0.0178509894758,-0.0170338749886,0.360537707806,0.932589054108,-0.00544393947348,-0.932744026184,0.360498189926],"AttitudePitch":1.20152083254,"Time":0.473139,"AttitudeQuaternion":{"X":0.565421133828,"W":0.824753895225,"Y":-0.00706117606013,"Z":0.00548575653468},"AttitudeRoll":-0.0494771497414,"RotationRate":{"Y":-0.00238648802042,"X":-0.0359676517546,"Z":-0.00684907427058},"AttitudeYaw":0.0472106454263,"DotNum":2},{"GravityX":{"Y":-0.932180225849,"X":-0.0174172855914,"Z":-0.361575245857},"UserAcceleration":{"Y":0.0121057666838,"X":0.00122771086171,"Z":-0.00523078581318},"AttitudeRotationMatrix":[0.999847590923,0.00120101124048,0.0174172855914,-0.0166728887707,0.361610293388,0.932180285454,-0.00517871137708,-0.93232858181,0.361575186253],"AttitudePitch":1.20038971013,"Time":0.503242,"AttitudeQuaternion":{"X":0.564947344199,"W":0.825080778715,"Y":-0.00684660161029,"Z":0.0054158032156},"AttitudeRoll":-0.0481333645819,"RotationRate":{"Y":0.0157340578735,"X":-0.0030766511336,"Z":-0.00728288525715},"AttitudeYaw":0.0460747042343,"DotNum":2},{"GravityX":{"Y":-0.916921317577,"X":-0.0503998212516,"Z":-0.395872712135},"UserAcceleration":{"Y":0.00559011800215,"X":0.00776676507667,"Z":-0.0110792005435},"AttitudeRotationMatrix":[0.996828615665,-0.0615842863917,0.0503998249769,-0.0217418000102,0.398475408554,0.916921257973,-0.0765510350466,-0.915109157562,0.395872741938],"AttitudePitch":1.16029605396,"Time":0.00387001,"AttitudeQuaternion":{"X":0.548288358882,"W":0.835340750518,"Y":-0.0379937328355,"Z":-0.011924022133},"AttitudeRoll":-0.126631956821,"RotationRate":{"Y":0.0456719510257,"X":0.0544159710407,"Z":-0.0173539929092},"AttitudeYaw":0.0545084170405,"DotNum":3},{"GravityX":{"Y":-0.917506277561,"X":-0.0499066337943,"Z":-0.394577682018},"UserAcceleration":{"Y":0.00912005268037,"X":0.00495424261317,"Z":0.00700444215909},"AttitudeRotationMatrix":[0.9968714118,-0.0612924098969,0.0499066337943,-0.0215153619647,0.397138863802,0.917506337166,-0.0760560408235,-0.915709614754,0.394577622414],"AttitudePitch":1.16176441701,"Time":0.03424501,"AttitudeQuaternion":{"X":0.54889771373,"W":0.834953289041,"Y":-0.0377154849326,"Z":-0.0119099612847},"AttitudeRoll":-0.125813081042,"RotationRate":{"Y":0.0287692286074,"X":0.0831948593259,"Z":-0.0202610678971},"AttitudeYaw":0.0541230070816,"DotNum":3},{"GravityX":{"Y":-0.919094264507,"X":-0.0483950302005,"Z":-0.391054481268},"UserAcceleration":{"Y":0.0111047904938,"X":-0.00111973867752,"Z":-0.000928557536099},"AttitudeRotationMatrix":[0.997045636177,-0.0596484541893,0.0483950339258,-0.021071748808,0.393473863602,0.919094264507,-0.0738647282124,-0.917398631573,0.39105451107],"AttitudePitch":1.16577575834,"Time":0.06456697,"AttitudeQuaternion":{"X":0.550571819311,"W":0.833902563588,"Y":-0.036652891242,"Z":-0.0115651107061},"AttitudeRoll":-0.12312917608,"RotationRate":{"Y":0.0553438924253,"X":0.125487685204,"Z":-0.013029480353},"AttitudeYaw":0.0535020004195,"DotNum":3},{"GravityX":{"Y":-0.919627428055,"X":-0.0481241680682,"Z":-0.389832556248},"UserAcceleration":{"Y":0.0139420293272,"X":-0.00586142856628,"Z":1.62575051945e-05},"AttitudeRotationMatrix":[0.997075378895,-0.0593692958355,0.0481241643429,-0.0210314933211,0.392228275537,0.919627487659,-0.073473289609,-0.917950093746,0.389832556248],"AttitudePitch":1.16713097263,"Time":0.07475001,"AttitudeQuaternion":{"X":0.551138498746,"W":0.833537074572,"Y":-0.0364703215932,"Z":-0.0114985284523},"AttitudeRoll":-0.122826882182,"RotationRate":{"Y":0.0202585775405,"X":0.0821167677641,"Z":-0.0182153992355},"AttitudeYaw":0.0535692518604,"DotNum":3},{"GravityX":{"Y":-0.921086549759,"X":-0.0463027060032,"Z":-0.386594980955},"UserAcceleration":{"Y":0.00415537226945,"X":0.00496664457023,"Z":0.026350222528},"AttitudeRotationMatrix":[0.997287929058,-0.0572088211775,0.0463027060032,-0.0204603541642,0.388820022345,0.921086549759,-0.0706976875663,-0.91953587532,0.386594980955],"AttitudePitch":1.17086189302,"Time":0.104383,"AttitudeQuaternion":{"X":0.552691812825,"W":0.832571752975,"Y":-0.0351322253377,"Z":-0.0110346240323},"AttitudeRoll":-0.119202756487,"RotationRate":{"Y":0.132791817188,"X":0.107203118503,"Z":-0.0116105396301},"AttitudeYaw":0.0525731714335,"DotNum":3},{"GravityX":{"Y":-0.921613872051,"X":-0.045345030725,"Z":-0.385450065136},"UserAcceleration":{"Y":0.0103437062353,"X":0.00201007071882,"Z":-0.00145180220716},"AttitudeRotationMatrix":[0.997404873371,-0.0559230521321,0.045345