[{"Time":0.01689702,"AttitudeRotationMatrix":[0.99315237999,0.0129237938672,0.116109222174,-0.0753656029701,0.830277144909,0.552231729031,-0.0892659127712,-0.557200849056,0.825565755367],"AttitudeQuaternion":{"X":0.290391749555,"W":0.955117173517,"Z":0.0231095721042,"Y":-0.0537565281733},"UserAcceleration":{"Z":0.0135845337063,"X":-0.012949612923,"Y":-0.018431738019},"RotationRate":{"Z":0.0160987693816,"X":0.0213969629258,"Y":-0.0394866764545},"AttitudeYaw":0.0905235415872,"AttitudeRoll":-0.139725554744,"GravityX":{"Z":-0.825565755367,"X":-0.116109222174,"Y":-0.552231729031},"AttitudePitch":0.585038780117,"DotNum":0},{"Time":0.02451301,"AttitudeRotationMatrix":[0.992938637733,0.0126428157091,0.117953509092,-0.0762887895107,0.829484701157,0.55329477787,-0.0908454209566,-0.558386325836,0.824591934681],"AttitudeQuaternion":{"X":0.291059292943,"W":0.954858002554,"Z":0.0232839869622,"Y":-0.0546675305957},"UserAcceleration":{"Z":0.0117104286328,"X":-0.0172241125256,"Y":-0.0148661769927},"RotationRate":{"Z":0.0164031162858,"X":0.000228168733884,"Y":-0.0394601970911},"AttitudeYaw":0.0917132920812,"AttitudeRoll":-0.142080854593,"GravityX":{"Z":-0.824591875076,"X":-0.117953501642,"Y":-0.553294837475},"AttitudePitch":0.586314517472,"DotNum":0},{"Time":0.04659802,"AttitudeRotationMatrix":[0.99285119772,0.0127964615822,0.118670761585,-0.0768299549818,0.829392552376,0.553358078003,-0.0913436114788,-0.558519721031,0.824446499348],"AttitudeQuaternion":{"X":0.291123756039,"W":0.954815457487,"Z":0.0234669473361,"Y":-0.0549882096204},"UserAcceleration":{"Z":-0.00407521752641,"X":-0.0129362987354,"Y":-0.0154437664896},"RotationRate":{"Z":0.0237476658076,"X":0.00122008053586,"Y":0.010615077801},"AttitudeYaw":0.0923704013142,"AttitudeRoll":-0.142958005378,"GravityX":{"Z":-0.824446499348,"X":-0.118670754135,"Y":-0.553358137608},"AttitudePitch":0.586390486794,"DotNum":0},{"Time":0.07494903,"AttitudeRotationMatrix":[0.992871999741,0.0141119174659,0.118347160518,-0.0779557526112,0.828004360199,0.555276155472,-0.0901559516788,-0.560544013977,0.823202490807],"AttitudeQuaternion":{"X":0.292260641441,"W":0.954473528262,"Z":0.0241147796622,"Y":-0.0546120747988},"UserAcceleration":{"Z":-0.00486148754135,"X":-0.0155792301521,"Y":-0.0186984352767},"RotationRate":{"Z":-0.00394168123603,"X":0.075293071568,"Y":0.096390247345},"AttitudeYaw":0.0938722571351,"AttitudeRoll":-0.142785995284,"GravityX":{"Z":-0.823202490807,"X":-0.118347160518,"Y":-0.555276155472},"AttitudePitch":0.588695003642,"DotNum":0},{"Time":0.07509303,"AttitudeRotationMatrix":[0.992836892605,0.01340733096,0.118723154068,-0.0774282515049,0.828984081745,0.553886532784,-0.0909934639931,-0.559111475945,0.824084103107],"AttitudeQuaternion":{"X":0.29144842243,"W":0.954712655006,"Z":0.0237861024458,"Y":-0.0549161612311},"UserAcceleration":{"Z":-0.0149357104674,"X":-0.0186059493572,"Y":-0.0120924925432},"RotationRate":{"Z":-0.00242344313301,"X":0.0517527833581,"Y":0.0829964727163},"AttitudeYaw":0.0931311710355,"AttitudeRoll":-0.143082315103,"GravityX":{"Z":-0.824084043503,"X":-0.118723154068,"Y":-0.553886532784},"AttitudePitch":0.587024994604,"DotNum":0},{"Time":0.090653,"AttitudeRotationMatrix":[0.99295347929,0.0149444676936,0.117558859289,-0.078325971961,0.827202022076,0.556418776512,-0.088929541409,-0.561705827713,0.822543621063],"AttitudeQuaternion":{"X":0.292919701661,"W":0.954292816399,"Z":0.0244344405029,"Y":-0.0540946121598},"UserAcceleration":{"Z":-0.00147674314212,"X":-0.00838718749583,"Y":-0.0158620923758},"RotationRate":{"Z":0.0121136819944,"X":0.0564745552838,"Y":0.0693091154099},"AttitudeYaw":0.0944063755966,"AttitudeRoll":-0.141959750417,"GravityX":{"Z":-0.822543621063,"X":-0.117558859289,"Y":-0.556418776512},"AttitudePitch":0.590069522919,"DotNum":0},{"Time":0.105829,"AttitudeRotationMatrix":[0.992941737175,0.0154773406684,0.117588743567,-0.078913807869,0.826352715492,0.557596504688,-0.088539659977,-0.562940180302,0.821741461754],"AttitudeQuaternion":{"X":0.293618625782,"W":0.95407493573,"Z":0.0247336832492,"Y":-0.0540126329483},"UserAcceleration":{"Z":0.00260390294716,"X":-0.0163681712002,"Y":-0.012441361323},"RotationRate":{"Z":0.0144416866824,"X":0.0624632015824,"Y":0.041097804904},"AttitudeYaw":0.0952077994973,"AttitudeRoll":-0.142132105248,"GravityX":{"Z":-0.821741461754,"X":-0.117588736117,"Y":-0.557596504688},"AttitudePitch":0.59148755919,"DotNum":0},{"Time":0.118928,"AttitudeRotationMatrix":[0.992879986763,0.0157347992063,0.11807539314,-0.0794937238097,0.825745820999,0.55841255188,-0.0887137576938,-0.563822865486,0.821117341518],"AttitudeQuaternion":{"X":0.294115964436,"W":0.953905540437,"Z":0.0249575347965,"Y":-0.0541953950566},"UserAcceleration":{"Z":-0.00595482625067,"X":-0.0126313930377,"Y":-0.00805475562811},"RotationRate":{"Z":0.0109237954021,"X":0.0519581139088,"Y":0.0191238299012},"AttitudeYaw":0.0959732409048,"AttitudeRoll":-0.142819409696,"GravityX":{"Z":-0.821117341518,"X":-0.11807539314,"Y":-0.55841255188},"AttitudePitch":0.592470942596,"DotNum":0},{"Time":0.138951,"AttitudeRotationMatrix":[0.992816269398,0.0157972164452,0.118601575494,-0.0799410492182,0.8251106143,0.559286952019,-0.089024245739,-0.564750313759,0.820446074009],"AttitudeQuaternion":{"X":0.294643678352,"W":0.953725972023,"Z":0.0250958525812,"Y":-0.0544249141434},"UserAcceleration":{"Z":-0.014530133456,"X":-0.0121967624873,"Y":-0.00496778311208},"RotationRate":{"Z":0.0177918076515,"X":0.080341771245,"Y":-0.0263336021453},"AttitudeYaw":0.096583799606,"AttitudeRoll":-0.143562941008,"GravityX":{"Z":-0.820446074009,"X":-0.118601575494,"Y":-0.559286952019},"AttitudePitch":0.5935254242,"DotNum":0},{"Time":0.150994,"AttitudeRotationMatrix":[0.992700099945,0.0158408582211,0.119564257562,-0.0806735754013,0.824136853218,0.560615956783,-0.0896566733718,-0.566169202328,0.819398641586],"AttitudeQuaternion":{"X":0.295450734619,"W":0.953445805963,"Z":0.0253067420391,"Y":-0.0548591588725},"UserAcceleration":{"Z":-0.0120374849066,"X":-0.0105626918375,"Y":-0.0119854034856},"RotationRate":{"Z":0.0222039967775,"X":0.11445491761,"Y":-0.0179286040366},"AttitudeYaw":0.0975776847161,"AttitudeRoll":-0.144894499156,"GravityX":{"Z":-0.819398701191,"X":-0.119564257562,"Y":-0.560615897179},"AttitudePitch":0.595129402652,"DotNum":0},{"Time":0.168111,"AttitudeRotationMatrix":[0.992572367191,0.0160211846232,0.120595946908,-0.0816025361419,0.822887599468,0.562314033508,-0.0902279764414,-0.567978262901,0.818082869053],"AttitudeQuaternion":{"X":0.29648015237,"W":0.953092708788,"Z":0.0256070879496,"Y":-0.0552999525585},"UserAcceleration":{"Z":0.014158308506,"X":-0.0222568325698,"Y":-0.00599959725514},"RotationRate":{"Z":0.0128793520853,"X":0.0873461812735,"Y":0.00549629330635},"AttitudeYaw":0.0988429181492,"AttitudeRoll":-0.146358799312,"GravityX":{"Z":-0.818082869053,"X":-0.120595946908,"Y":-0.562313973904},"AttitudePitch":0.597181471277,"DotNum":0},{"Time":0.18356,"AttitudeRotationMatrix":[0.992495775223,0.0160146169364,0.121225632727,-0.0820830762386,0.82207775116,0.563427448273,-0.0906338170171,-0.569149971008,0.817223250866],"AttitudeQuaternion":{"X":0.297150969994,"W":0.952863680026,"Z":0.0257375999495,"Y":-0.0555849284284},"UserAcceleration":{"Z":0.0175100993365,"X":-0.0141808697954,"Y":-0.0119509296492},"RotationRate":{"Z":0.015796603635,"X":0.0509086810052,"Y":-0.0177021790296},"AttitudeYaw":0.0995184678789,"AttitudeRoll":-0.147264561164,"GravityX":{"Z":-0.817223250866,"X":-0.121225625277,"Y":-0.563427507877},"AttitudePitch":0.598528629658,"DotNum":0},{"Time":0.197823,"AttitudeRotationMatrix":[0.992395102978,0.0161226317286,0.122033044696,-0.082738108933,0.821399092674,0.564320743084,-0.0911394953728,-0.570125877857,0.816486358643],"AttitudeQuaternion":{"X":0.297703542204,"W":0.952664758252,"Z":0.0259432144998,"Y":-0.0559411205209},"UserAcceleration":{"Z":0.0060158027336,"X":-0.0152960596606,"Y":-0.00380973191932},"RotationRate":{"Z":0.0160093344748,"X":0.0378896258771,"Y":0.00679367315024},"AttitudeYaw":0.100389661432,"AttitudeRoll":-0.148362970728,"GravityX":{"Z":-0.816486358643,"X":-0.122033044696,"Y":-0.564320743084},"AttitudePitch":0.599610256287,"DotNum":0},{"Time":0.21927,"AttitudeRotationMatrix":[0.992321431637,0.0163890086114,0.122595369816,-0.0833372920752,0.821009099483,0.564799964428,-0.0913954079151,-0.570679843426,0.816070735455],"AttitudeQuaternion":{"X":0.298010746668,"W":0.952549367951,"Z":0.0261735271411,"Y":-0.056162647408},"UserAcceleration":{"Z":-0.0191343743354,"X":-0.0191282592714,"Y":-0.00870163924992},"RotationRate":{"Z":0.00249193934724,"X":0.0496678091586,"Y":0.0252707544714},"AttitudeYaw":0.101159458518,"AttitudeRoll":-0.149111369532,"GravityX":{"Z":-0.81607067585,"X":-0.122595369816,"Y":-0.564799964428},"AttitudePitch":0.600190812672,"DotNum":0},{"Time":0.230793,"AttitudeRotationMatrix":[0.992304503918,0.0165712088346,0.122707724571,-0.0836479216814,0.820393919945,0.565647244453,-0.0912952125072,-0.571558594704,0.815466761589],"AttitudeQuaternion":{"X":0.298514587659,"W":0.952387152256,"Z":0.0263073509389,"Y":-0.0561754079522},"UserAcceleration":{"Z":-0.01682391949,"X":-0.0190921965986,"Y":-0.00362763856538},"RotationRate":{"Z":-0.000454066524981,"X":0.0873613506556,"Y":0.0276415664703},"AttitudeYaw":0.101609541513,"AttitudeRoll":-0.149354910888,"GravityX":{"Z":-0.815466701984,"X":-0.122707732022,"Y":-0.565647244453},"AttitudePitch":0.601217940164,"DotNum":0},{"Time":0.245018,"AttitudeRotationMatrix":[0.992355048656,0.0171216949821,0.122222214937,-0.0840063616633,0.819208264351,0.567310154438,-0.0904121398926,-0.573240578175,0.814383804798],"AttitudeQuaternion":{"X":0.299484151369,"W":0.952095990994,"Z":0.026554059433,"Y":-0.0558332243318},"UserAcceleration":{"Z":0.0156777333468,"X":-0.0118720205501,"Y":-0.0021936618723},"RotationRate":{"Z":-0.0019799368456,"X":0.115426838398,"Y":0.0961044505239},"AttitudeYaw":0.102188597958,"AttitudeRoll":-0.148967584741,"GravityX":{"Z":-0.814383804798,"X":-0.122222214937,"Y":-0.567310094833},"AttitudePitch":0.603235786098,"DotNum":0},{"Time":0.260757,"AttitudeRotationMatrix":[0.992426395416,0.0178612284362,0.121535494924,-0.0844063907862,0.817974805832,0.569027900696,-0.0892494320869,-0.574976682663,0.813287377357],"AttitudeQuaternion":{"X":0.300484690386,"W":0.951799420019,"Z":0.0268616516188,"Y":-0.0553648495677},"UserAcceleration":{"Z":0.0160003807396,"X":-0.0115364054218,"Y":-0.00169656181242},"RotationRate":{"Z":-0.00432786671445,"X":0.101078085601,"Y":0.0967158079147},"AttitudeYaw":0.10282553814,"AttitudeRoll":-0.148339614544,"GravityX":{"Z":-0.813287377357,"X":-0.121535494924,"Y":-0.569027900696},"AttitudePitch":0.60532325623,"DotNum":0},{"Time":0.283347,"AttitudeRotationMatrix":[0.992557048798,0.0185404233634,0.120361156762,-0.0844165682793,0.81710588932,0.570273399353,-0.0877747014165,-0.576189398766,0.812589347363],"AttitudeQuaternion":{"X":0.301190052404,"W":0.951610773422,"Z":0.0270480845058,"Y":-0.0546798808097},"UserAcceleration":{"Z":0.00268332008272,"X":-0.00442522158846,"Y":-0.007134411484},"RotationRate":{"Z":-0.0113875614479,"X":0.0823181569576,"Y":0.0809463635087},"AttitudeYaw":0.102946439625,"AttitudeRoll":-0.147051322669,"GravityX":{"Z":-0.812589347363,"X":-0.120361156762,"Y":-0.570273399353},"AttitudePitch":0.606838671737,"DotNum":0},{"Time":0.291821,"AttitudeRotationMatrix":[0.992584705353,0.0187352336943,0.120102345943,-0.0845300555229,0.816417515278,0.571241736412,-0.0873513072729,-0.577158093452,0.811947226524],"AttitudeQuaternion":{"X":0.301753199991,"W":0.951439627121,"Z":0.0271339586342,"Y":-0.0545104625439},"UserAcceleration":{"Z":-0.00612222636119,"X":-0.000960886420216,"Y":-0.00261080428027},"RotationRate":{"Z":0.0128715131432,"X":0.081335388124,"Y":-0.0123747279868},"AttitudeYaw":0.103170168436,"AttitudeRoll":-0.146854028855,"GravityX":{"Z":-0.811947226524,"X":-0.120102345943,"Y":-0.571241736412},"AttitudePitch":0.608017928489,"DotNum":0},{"Time":0.311801,"AttitudeRotationMatrix":[0.992509782314,0.0184688568115,0.120761014521,-0.0848119705915,0.815639436245,0.572310447693,-0.0879275277257,-0.578265666962,0.811096549034],"AttitudeQuaternion":{"X":0.302396175091,"W":0.951215773408,"Z":0.0271444256386,"Y":-0.0548478428725},"UserAcceleration":{"Z":0.00181613932364,"X":0.0030852262862,"Y":-0.009018949233},"RotationRate":{"Z":0.0142882587388,"X":0.0626634061337,"Y":-0.0661902502179},"AttitudeYaw":0.103609827716,"AttitudeRoll":-0.147800390573,"GravityX":{"Z":-0.811096549034,"X":-0.120761007071,"Y":-0.572310388088},"AttitudePitch":0.609320524001,"DotNum":0},{"Time":0.325996,"AttitudeRotationMatrix":[0.992343723774,0.0179685354233,0.122192785144,-0.0853103548288,0.815138280392,0.572950005531,-0.0893089473248,-0.578987598419,0.810430288315],"AttitudeQuaternion":{"X":0.302809816032,"W":0.951040522083,"Z":0.0271489194733,"Y":-0.0555974535616},"UserAcceleration":{"Z":0.00676511600614,"X":-0.00630148174241,"Y":-0.0108207622543},"RotationRate":{"Z":0.0245631430298,"X":0.0214985553175,"Y":-0.0968054309487},"AttitudeYaw":0.104277901748,"AttitudeRoll":-0.149647995892,"GravityX":{"Z":-0.810430288315,"X":-0.122192777693,"Y":-0.572950005531},"AttitudePitch":0.610100692352,"DotNum":0},{"Time":0.347082,"AttitudeRotationMatrix":[0.992105007172,0.0171159170568,0.1242364645,-0.0858127474785,0.815066576004,0.57297706604,-0.0914539694786,-0.579114437103,0.810100376606],"AttitudeQuaternion":{"X":0.302877057569,"W":0.950956356323,"Z":0.0270592499685,"Y":-0.056703556845},"UserAcceleration":{"Z":-0.00528352195397,"X":-0.00970518309623,"Y":-0.0081997429952},"RotationRate":{"Z":0.0044566350989,"X":-0.0207868218422,"Y":-0.103785209358},"AttitudeYaw":0.104896673436,"AttitudeRoll":-0.152173743564,"GravityX":{"Z":-0.810100376606,"X":-0.1242364645,"Y":-0.572977006435},"AttitudePitch":0.610133666814,"DotNum":0},{"Time":0.354978,"AttitudeRotationMatrix":[0.991983652115,0.0166503898799,0.125264376402,-0.0859700739384,0.815443336964,0.572417080402,-0.0926150381565,-0.57859736681,0.810337901115],"AttitudeQuaternion":{"X":0.302573283441,"W":0.951021157785,"Z":0.0269763895247,"Y":-0.0572751254968},"UserAcceleration":{"Z":-0.0414992235601,"X":-0.00811269320548,"Y":0.000319258164382},"RotationRate":{"Z":0.0111587736756,"X":0.0261412039399,"Y":-0.0599414408207},"AttitudeYaw":0.105039385576,"AttitudeRoll":-0.153368952509,"GravityX":{"Z":-0.81033796072,"X":-0.125264376402,"Y":-0.572417020798},"AttitudePitch":0.609450572475,"DotNum":0},{"Time":0.37583,"AttitudeRotationMatrix":[0.9918602705,0.0161952488124,0.126297146082,-0.0862639546394,0.815037369728,0.572950780392,-0.0936578065157,-0.579181969166,0.809800207615],"AttitudeQuaternion":{"X":0.30291196634,"W":0.950880888036,"Z":0.0269379691605,"Y":-0.0578292593171},"UserAcceleration":{"Z":-0.0422658063471,"X":-0.0140074240044,"Y":-0.00325159914792},"RotationRate":{"Z":0.00667380541563,"X":0.0862432420254,"Y":-0.0661759600043},"AttitudeYaw":0.105447902804,"AttitudeRoll":-0.154714480658,"GravityX":{"Z":-0.809800207615,"X":-0.126297146082,"Y":-0.572950780392},"AttitudePitch":0.610101673342,"DotNum":0},{"Time":0.38642,"AttitudeRotationMatrix":[0.991718351841,0.015772189945,0.127459660172,-0.0867496728897,0.814083993435,0.574231445789,-0.0947059839964,-0.580532968044,0.808710217476],"AttitudeQuaternion":{"X":0.303695630673,"W":0.950593570216,"Z":0.0269625889149,"Y":-0.0584281351229},"UserAcceleration":{"Z":-0.0155237745494,"X":-0.011807307601,"Y":-0.00912728440017},"RotationRate":{"Z":0.0121900569648,"X":0.128582865,"Y":-0.0553557984531},"AttitudeYaw":0.106160462212,"AttitudeRoll":-0.156322654454,"GravityX":{"Z":-0.808710217476,"X":-0.127459660172,"Y":-0.574231505394},"AttitudePitch":0.611665123005,"DotNum":0},{"Time":0.402053,"AttitudeRotationMatrix":[0.991558372974,0.0155723318458,0.128722533584,-0.0875396728516,0.812748193741,0.576001048088,-0.0956493243575,-0.582406997681,0.807250499725],"AttitudeQuaternion":{"X":0.304778488359,"W":0.950204851979,"Z":0.0271288880097,"Y":-0.0590324973651},"UserAcceleration":{"Z":0.0116724716499,"X":-0.0177008062601,"Y":-0.00369563046843},"RotationRate":{"Z":0.0208674781024,"X":0.119067251682,"Y":-0.0358683206141},"AttitudeYaw":0.107294599467,"AttitudeRoll":-0.158126731456,"GravityX":{"Z":-0.807250499725,"X":-0.128722533584,"Y":-0.576001048088},"AttitudePitch":0.613828192111,"DotNum":0},{"Time":0.418037,"AttitudeRotationMatrix":[0.99149787426,0.015508312732,0.129195615649,-0.0879236608744,0.811772048473,0.577317595482,-0.0959241688252,-0.583768486977,0.806233763695],"AttitudeQuaternion":{"X":0.305569967997,"W":0.949934691884,"Z":0.0272208123337,"Y":-0.0592461238397},"UserAcceleration":{"Z":0.0250600762665,"X":-0.0114446366206,"Y":0.00282416329719},"RotationRate":{"Z":0.00318907108158,"X":0.0801651179791,"Y":-4.66150377179e-05},"AttitudeYaw":0.107890193407,"AttitudeRoll":-0.15889497171,"GravityX":{"Z":-0.806233763695,"X":-0.129195615649,"Y":-0.577317595482},"AttitudePitch":0.615439662982,"DotNum":0},{"Time":0.434369,"AttitudeRotationMatrix":[0.991468012333,0.0156188420951,0.129410997033,-0.0882630944252,0.811010122299,0.578335702419,-0.0959206968546,-0.584823548794,0.805469155312],"AttitudeQuaternion":{"X":0.306181620317,"W":0.949729871091,"Z":0.0273451283842,"Y":-0.0593146802262},"UserAcceleration":{"Z":0.00255168764852,"X":-0.00749085703865,"Y":-0.00738815031946},"RotationRate":{"Z":0.0157619453967,"X":0.0518229864538,"Y":0.00843599811196},"AttitudeYaw":0.108404427097,"AttitudeRoll":-0.159303952483,"GravityX":{"Z":-0.805469155312,"X":-0.129410997033,"Y":-0.578335702419},"AttitudePitch":0.616687158204,"DotNum":0},{"Time":0.450071,"AttitudeRotationMatrix":[0.991443932056,0.0162083655596,0.129523232579,-0.0889249965549,0.81025826931,0.579287469387,-0.0955579578877,-0.585848867893,0.804766952991],"AttitudeQuaternion":{"X":0.306764872303,"W":0.949535289945,"Z":0.0276802144849,"Y":-0.0592608808213},"UserAcceleration":{"Z":0.00508430507034,"X":-0.0156641472131,"Y":-0.00228605023585},"RotationRate":{"Z":0.0288540851325,"X":0.0763832554221,"Y":0.0461331158876},"AttitudeYaw":0.109311475341,"AttitudeRoll":-0.159576559677,"GravityX":{"Z":-0.804766893387,"X":-0.129523232579,"Y":-0.579287409782},"AttitudePitch":0.617854239676,"DotNum":0},{"Time":0.467155,"AttitudeRotationMatrix":[0.991484165192,0.0172745883465,0.129076689482,-0.0896697491407,0.809328317642,0.580471396446,-0.0944380238652,-0.587102413177,0.803985178471],"AttitudeQuaternion":{"X":0.307477881516,"W":0.949315238141,"Z":0.028163546866,"Y":-0.0588620900025},"UserAcceleration":{"Z":0.00718650734052,"X":-0.0182621739805,"Y":-0.002734830603},"RotationRate":{"Z":0.0189119689167,"X":0.0951208174229,"Y":0.0939317643642},"AttitudeYaw":0.110345219252,"AttitudeRoll":-0.159187689149,"GravityX":{"Z":-0.803985238075,"X":-0.129076689482,"Y":-0.580471336842},"AttitudePitch":0.619307421079,"DotNum":0},{"Time":0.480628,"AttitudeRotationMatrix":[0.991547703743,0.0183226428926,0.128442123532,-0.0903027355671,0.808293282986,0.581813871861,-0.0931585282087,-0.588494956493,0.803115904331],"AttitudeQuaternion":{"X":0.308276884777,"W":0.949072825352,"Z":0.0286135525698,"Y":-0.0583729312315},"UserAcceleration":{"Z":0.0218048915267,"X":-0.0130526321009,"Y":-0.00969304423779},"RotationRate":{"Z":0.0206497982144,"X":0.0585809722543,"Y":0.10379203409},"AttitudeYaw":0.11125891172,"AttitudeRoll":-0.158586752683,"GravityX":{"Z":-0.803115904331,"X":-0.128442123532,"Y":-0.581813931465},"AttitudePitch":0.620957169856,"DotNum":0},{"Time":0.496223,"AttitudeRotationMatrix":[0.991600096226,0.0192270316184,0.127904430032,-0.0907830148935,0.807836294174,0.58237349987,-0.0921285301447,-0.589093208313,0.802796065807],"AttitudeQuaternion":{"X":0.308612925683,"W":0.948977405985,"Z":0.0289812088496,"Y":-0.0579658051421},"UserAcceleration":{"Z":0.0190741308033,"X":-0.00286339223385,"Y":-0.00104625069071},"RotationRate":{"Z":0.0325147360563,"X":-0.0107987970114,"Y":0.0573238842189},"AttitudeYaw":0.111908473496,"AttitudeRoll":-0.157995764429,"GravityX":{"Z":-0.802796065807,"X":-0.127904430032,"Y":-0.582373559475},"AttitudePitch":0.621645424738,"DotNum":0},{"Time":0.511918,"AttitudeRotationMatrix":[0.991625070572,0.0200948677957,0.127577319741,-0.0912634134293,0.807978749275,0.58210080862,-0.0913825184107,-0.588868916035,0.803045868874],"AttitudeQuaternion":{"X":0.308464100097,"W":0.949032359939,"Z":0.0293346893699,"Y":-0.0576797602259},"UserAcceleration":{"Z":0.0027834372595,"X":-0.00361775327474,"Y":0.0019005946815},"RotationRate":{"Z":0.0276785623282,"X":-0.0142598571256,"Y":0.0414828583598},"AttitudeYaw":0.112476016599,"AttitudeRoll":-0.157550134251,"GravityX":{"Z":-0.803045868874,"X":-0.127577319741,"Y":-0.58210080862},"AttitudePitch":0.621309935545,"DotNum":0},{"Time":0.527898,"AttitudeRotationMatrix":[0.991630196571,0.0207411982119,0.127433732152,-0.0917308181524,0.807756543159,0.582335650921,-0.0908570885658,-0.589151203632,0.802898406982],"AttitudeQuaternion":{"X":0.308615955965,"W":0.948984346552,"Z":0.0296295753037,"Y":-0.0575064343403},"UserAcceleration":{"Z":-0.0150337256491,"X":-0.000953719718382,"Y":-0.0102852098644},"RotationRate":{"Z":0.0258053094149,"X":0.0328783541918,"Y":0.0364771224558},"AttitudeYaw":0.11307800815,"AttitudeRoll":-0.15740416558,"GravityX":{"Z":-0.802898406982,"X":-0.127433732152,"Y":-0.582335650921},"AttitudePitch":0.62159879251,"DotNum":0},{"Time":0.543499,"AttitudeRotationMatrix":[0.991639316082,0.0212829820812,0.127273187041,-0.0921255648136,0.807395040989,0.582774460316,-0.0903565585613,-0.589627206326,0.802605390549],"AttitudeQuaternion":{"X":0.308884632233,"W":0.948899337098,"Z":0.0298789748812,"Y":-0.0573374126112},"UserAcceleration":{"Z":-0.00713274907321,"X":0.000243759030127,"Y":-0.00308672664687},"RotationRate":{"Z":0.025634245947,"X":0.0435460582376,"Y":0.0156460516155},"AttitudeYaw":0.113610876312,"AttitudeRoll":-0.157265554001,"GravityX":{"Z":-0.802605390549,"X":-0.12727317214,"Y":-0.582774460316},"AttitudePitch":0.622138708714,"DotNum":0},{"Time":0.560807,"AttitudeRotationMatrix":[0.991596341133,0.0214818641543,0.127574294806,-0.0925233066082,0.806992769241,0.583268463612,-0.0904218405485,-0.590170443058,0.802198648453],"AttitudeQuaternion":{"X":0.309194483599,"W":0.948787093048,"Z":0.0300397145994,"Y":-0.0574407427172},"UserAcceleration":{"Z":-0.00920270197093,"X":-0.00186600896996,"Y":-0.00277584791183},"RotationRate":{"Z":0.0146264415234,"X":0.0448813252151,"Y":-0.0184873789549},"AttitudeYaw":0.114153522485,"AttitudeRoll":-0.157710115745,"GravityX":{"Z":-0.802198648453,"X":-0.127574294806,"Y":-0.583268463612},"AttitudePitch":0.622746721681,"DotNum":0},{"Time":0.59595,"AttitudeRotationMatrix":[0.991473972797,0.0211917608976,0.128570273519,-0.0929377526045,0.806601583958,0.58374351263,-0.0913344323635,-0.59071546793,0.801693975925],"AttitudeQuaternion":{"X":0.309507000299,"W":0.948652935532,"Z":0.0300767314816,"Y":-0.0579518325565},"UserAcceleration":{"Z":-0.0128506738693,"X":-0.00531034497544,"Y":-0.0111662223935},"RotationRate":{"Z":0.018289335072,"X":0.0403254851699,"Y":-0.0711525082588},"AttitudeYaw":0.114715516464,"AttitudeRoll":-0.159019170813,"GravityX":{"Z":-0.801693975925,"X":-0.128570273519,"Y":-0.583743453026},"AttitudePitch":0.623331596325,"DotNum":0},{"Time":0.596051,"AttitudeRotationMatrix":[0.991288363934,0.0205333121121,0.130098953843,-0.0933792442083,0.806172251701,0.584265887737,-0.0928852558136,-0.59132450819,0.801066577435],"AttitudeQuaternion":{"X":0.309858636917,"W":0.948489226915,"Z":0.0300247374548,"Y":-0.0587735203506},"UserAcceleration":{"Z":-0.0043075485155,"X":-0.0045751221478,"Y":-0.00479971291497},"RotationRate":{"Z":0.0157931670547,"X":0.0427871197462,"Y":-0.100505121052},"AttitudeYaw":0.115316496103,"AttitudeRoll":-0.161001450764,"GravityX":{"Z":-0.801066577435,"X":-0.130098953843,"Y":-0.584265828133},"AttitudePitch":0.623975136033,"DotNum":0},{"Time":0.607721,"AttitudeRotationMatrix":[0.991115152836,0.0198186188936,0.131521835923,-0.0937205255032,0.805713653564,0.584843575954,-0.094378143549,-0.591973602772,0.800412416458],"AttitudeQuaternion":{"X":0.310237446678,"W":0.948319723932,"Z":0.0299316627482,"Y":-0.0595526946904},"UserAcceleration":{"Z":0.00372051191516,"X":-0.00193153391592,"Y":-0.00196369364858},"RotationRate":{"Z":0.0195520967245,"X":0.0356777831912,"Y":-0.0919669866562},"AttitudeYaw":0.115799495283,"AttitudeRoll":-0.162862219377,"GravityX":{"Z":-0.800412416458,"X":-0.131521835923,"Y":-0.584843575954},"AttitudePitch":0.62468717802,"DotNum":0},{"Time":3.2356,"AttitudeRotationMatrix":[0.987721264362,0.0084930062294,0.155995547771,-0.100511863828,0.798967659473,0.592914879322,-0.119599767029,-0.601314008236,0.790010988712],"AttitudeQuaternion":{"X":0.315730331111,"W":0.945608260162,"Z":0.0288187170731,"Y":-0.0728619096374},"UserAcceleration":{"Z":-0.0357488878071,"X":-0.00435908092186,"Y":0.0109598888084},"RotationRate":{"Z":0.00520189013332,"X":0.0304889008403,"Y":0.0722127109766},"AttitudeYaw":0.125144740085,"AttitudeRoll":-0.194952016268,"GravityX":{"Z":-0.790010988712,"X":-0.15599553287,"Y":-0.592914819717},"AttitudePitch":0.634673770484,"DotNum":1},{"Time":0.01581901,"AttitudeRotationMatrix":[0.987409472466,0.00786554813385,0.157989308238,-0.101250313222,0.798787951469,0.593031346798,-0.121535435319,-0.601561248302,0.789527177811],"AttitudeQuaternion":{"X":0.315869581133,"W":0.945479325932,"Z":0.0288519949544,"Y":-0.0739108539923},"UserAcceleration":{"Z":0.105841882527,"X":0.030120652169,"Y":-0.00557092856616},"RotationRate":{"Z":0.0809287801385,"X":-0.0090145599097,"Y":-0.197894722223},"AttitudeYaw":0.126082552025,"AttitudeRoll":-0.197497696053,"GravityX":{"Z":-0.789527177811,"X":-0.157989308238,"Y":-0.593031346798},"AttitudePitch":0.634818477716,"DotNum":1},{"Time":0.03193599,"AttitudeRotationMatrix":[0.986748337746,0.00764144584537,0.162078231573,-0.103245615959,0.800151526928,0.590845048428,-0.125172227621,-0.599749267101,0.790337085724],"AttitudeQuaternion":{"X":0.314745806864,"W":0.945679247736,"Z":0.0293141300728,"Y":-0.0759376009687},"UserAcceleration":{"Z":0.134148150682,"X":0.0101464632899,"Y":-0.0186367444694},"RotationRate":{"Z":0.167847365141,"X":-0.222541749477,"Y":-0.211859047413},"AttitudeYaw":0.128323540919,"AttitudeRoll":-0.202270378938,"GravityX":{"Z":-0.790337145329,"X":-0.162078231573,"Y":-0.590845048428},"AttitudePitch":0.632105888673,"DotNum":1},{"Time":0.04747999,"AttitudeRotationMatrix":[0.986133754253,0.00779448077083,0.165769249201,-0.105116888881,0.802295446396,0.587598919868,-0.128415882587,-0.596876263618,0.791989922524],"AttitudeQuaternion":{"X":0.312988980564,"W":0.946099772605,"Z":0.0298360078928,"Y":-0.0777362911042},"UserAcceleration":{"Z":0.0437599532306,"X":-0.0534537658095,"Y":-0.00305354036391},"RotationRate":{"Z":0.100072987378,"X":-0.328611195087,"Y":-0.0907781049609},"AttitudeYaw":0.130278092321,"AttitudeRoll":-0.206328639486,"GravityX":{"Z":-0.791989922524,"X":-0.165769264102,"Y":-0.587598919868},"AttitudePitch":0.628088237387,"DotNum":1},{"Time":0.062765,"AttitudeRotationMatrix":[0.986105382442,0.0083075389266,0.165913045406,-0.105032451451,0.804962337017,0.583955407143,-0.128702521324,-0.593267798424,0.794650256634],"AttitudeQuaternion":{"X":0.310842744257,"W":0.946799601122,"Z":0.0299271318238,"Y":-0.0777924831784},"UserAcceleration":{"Z":-0.0332916602492,"X":-0.0360828004777,"Y":-0.00988619215786},"RotationRate":{"Z":-0.00188462925144,"X":-0.248597845435,"Y":0.0718445852399},"AttitudeYaw":0.129748181024,"AttitudeRoll":-0.20583063816,"GravityX":{"Z":-0.794650256634,"X":-0.165913045406,"Y":-0.583955347538},"AttitudePitch":0.623592620202,"DotNum":1},{"Time":0.08309597,"AttitudeRotationMatrix":[0.986432135105,0.010197173804,0.163852423429,-0.104962795973,0.806599736214,0.581704139709,-0.126231580973,-0.591010093689,0.796726226807],"AttitudeQuaternion":{"X":0.30947787651,"W":0.94733284631,"Z":0.0303905768443,"Y":-0.076552825505},"UserAcceleration":{"Z":-0.0581169202924,"X":-0.034221906215,"Y":-0.0103216106072},"RotationRate":{"Z":-0.00518060242757,"X":-0.0842736288905,"Y":0.250104606152},"AttitudeYaw":0.129402810169,"AttitudeRoll":-0.202829151819,"GravityX":{"Z":-0.796726226807,"X":-0.163852438331,"Y":-0.581704139709},"AttitudePitch":0.620822213844,"DotNum":1},{"Time":0.094396,"AttitudeRotationMatrix":[0.987072348595,0.0122055783868,0.159809961915,-0.104212611914,0.806424319744,0.582082092762,-0.121769987047,-0.591211378574,0.797271072865],"AttitudeQuaternion":{"X":0.309587205126,"W":0.947466058546,"Z":0.0307182998706,"Y":-0.0742981586491},"UserAcceleration":{"Z":-0.0588385276496,"X":-0.0193892661482,"Y":-0.000147502461914},"RotationRate":{"Z":-0.0704255178571,"X":0.060732036829,"Y":0.298256337643},"AttitudeYaw":0.128515774513,"AttitudeRoll":-0.197824551215,"GravityX":{"Z":-0.797271072865,"X":-0.159809947014,"Y":-0.582082092762},"AttitudePitch":0.621286964559,"DotNum":1},{"Time":0.109822,"AttitudeRotationMatrix":[0.987719416618,0.013948328793,0.155614420772,-0.103280760348,0.8056396842,0.583333313465,-0.117232635617,-0.592241585255,0.797186553478],"AttitudeQuaternion":{"X":0.310198789443,"W":0.947436755713,"Z":0.0309332243462,"Y":-0.0719961150533},"UserAcceleration":{"Z":-0.0347836725414,"X":0.00716166989878,"Y":-0.0137125728652},"RotationRate":{"Z":-0.0504449307919,"X":0.107921764255,"Y":0.246472403407},"AttitudeYaw":0.127501770435,"AttitudeRoll":-0.192780313324,"GravityX":{"Z":-0.797186553478,"X":-0.155614435673,"Y":-0.583333313465},"AttitudePitch":0.622826575687,"DotNum":1},{"Time":0.125552,"AttitudeRotationMatrix":[0.98812931776,0.0153035372496,0.152860239148,-0.102881252766,0.804864287376,0.584473192692,-0.114087238908,-0.593261539936,0.796884477139],"AttitudeQuaternion":{"X":0.310797597828,"W":0.947348675392,"Z":0.0311883039854,"Y":-0.0704459375058},"UserAcceleration":{"Z":-0.0205136258155,"X":0.00867993291467,"Y":-0.0158685911447},"RotationRate":{"Z":-0.0329421646893,"X":0.0680723562837,"Y":0.161913275719},"AttitudeYaw":0.127134918382,"AttitudeRoll":-0.189520193011,"GravityX":{"Z":-0.796884417534,"X":-0.152860224247,"Y":-0.584473192692},"AttitudePitch":0.624230676178,"DotNum":1},{"Time":0.141059,"AttitudeRotationMatrix":[0.988234579563,0.0155602097511,0.152152314782,-0.102719083428,0.804588794708,0.584880888462,-0.113319173455,-0.593628466129,0.796720802784],"AttitudeQuaternion":{"X":0.311016466402,"W":0.947304618024,"Z":0.0312146938347,"Y":-0.0700596972953},"UserAcceleration":{"Z":-0.00914163421839,"X":0.013953465037,"Y":-0.00954050105065},"RotationRate":{"Z":-0.00442649656907,"X":0.0167093090713,"Y":-0.0194408707321},"AttitudeYaw":0.126979665296,"AttitudeRoll":-0.188701067546,"GravityX":{"Z":-0.796720802784,"X":-0.152152314782,"Y":-0.584880888462},"AttitudePitch":0.624733198334,"DotNum":1},{"Time":0.157362,"AttitudeRotationMatrix":[0.98809581995,0.0153562165797,0.153071522713,-0.103102758527,0.804580152035,0.584825277328,-0.11417761445,-0.593645453453,0.796585559845],"AttitudeQuaternion":{"X":0.311018528052,"W":0.947267317521,"Z":0.031263342283,"Y":-0.0705316084769},"UserAcceleration":{"Z":0.0201115366071,"X":-0.00102697825059,"Y":-0.0152266137302},"RotationRate":{"Z":0.0547171905637,"X":-0.0399085730314,"Y":-0.0714300498366},"AttitudeYaw":0.127450199638,"AttitudeRoll":-0.189845442628,"GravityX":{"Z":-0.796585559845,"X":-0.153071537614,"Y":-0.584825277328},"AttitudePitch":0.624664628224,"DotNum":1},{"Time":0.175136,"AttitudeRotationMatrix":[0.987946927547,0.0158750936389,0.153976812959,-0.10393665731,0.805169701576,0.583865463734,-0.114708550274,-0.592831909657,0.7971149683],"AttitudeQuaternion":{"X":0.310508558345,"W":0.947395321746,"Z":0.0316160923681,"Y":-0.0709010735561},"UserAcceleration":{"Z":0.0169788375497,"X":-0.016723247245,"Y":-0.0103575410321},"RotationRate":{"Z":0.0504169203341,"X":-0.076593875885,"Y":-0.0125249586999},"AttitudeYaw":0.12837672236,"AttitudeRoll":-0.19081744958,"GravityX":{"Z":-0.7971149683,"X":-0.15397682786,"Y":-0.583865463734},"AttitudePitch":0.623481906416,"DotNum":1},{"Time":0.192845,"AttitudeRotationMatrix":[0.987818002701,0.0162137523294,0.154766559601,-0.104533538222,0.80588388443,0.582772612572,-0.115274943411,-0.591851592064,0.797761499882],"AttitudeQuaternion":{"X":0.309908306902,"W":0.947557833493,"Z":0.0318574990527,"Y":-0.0712467069648},"UserAcceleration":{"Z":-0.00178379192948,"X":-0.0209536571056,"Y":-0.00903952959925},"RotationRate":{"Z":0.0297872591764,"X":-0.0800546035171,"Y":-0.00614367891103},"AttitudeYaw":0.128992668472,"AttitudeRoll":-0.191620728505,"GravityX":{"Z":-0.797761499882,"X":-0.154766559601,"Y":-0.582772612572},"AttitudePitch":0.622136400949,"DotNum":1},{"Time":0.20423,"AttitudeRotationMatrix":[0.987776637077,0.016269069165,0.155024752021,-0.104647308588,0.80630671978,0.582167029381,-0.115526176989,-0.591273903847,0.798153400421],"AttitudeQuaternion":{"X":0.309562814219,"W":0.947659839389,"Z":0.0318986775898,"Y":-0.0713734350482},"UserAcceleration":{"Z":-0.00105620105751,"X":-0.0239913482219,"Y":-0.00271758623421},"RotationRate":{"Z":0.00345622515306,"X":-0.0256952177733,"Y":-0.0255451258272},"AttitudeYaw":0.129064549704,"AttitudeRoll":-0.191840690173,"GravityX":{"Z":-0.798153400421,"X":-0.155024766922,"Y":-0.582167029381},"AttitudePitch":0.621391435673,"DotNum":1},{"Time":0.221168,"AttitudeRotationMatrix":[0.98778373003,0.0162281580269,0.154983624816,-0.104577079415,0.806375443935,0.582084476948,-0.115528836846,-0.591181337833,0.798221647739],"AttitudeQuaternion":{"X":0.309510370677,"W":0.947678849826,"Z":0.0318687197841,"Y":-0.0713618436909},"UserAcceleration":{"Z":0.00157551723532,"X":-0.018356224522,"Y":-0.00695059122518},"RotationRate":{"Z":-0.00783218070865,"X":0.00132175779436,"Y":0.0124626746401},"AttitudeYaw":0.128968016007,"AttitudeRoll":-0.191775014301,"GravityX":{"Z":-0.798221647739,"X":-0.154983624816,"Y":-0.582084417343},"AttitudePitch":0.62128983149,"DotNum":1},{"Time":0.235979,"AttitudeRotationMatrix":[0.987791240215,0.0163357071579,0.154924660921,-0.104671433568,0.806152462959,0.582376301289,-0.115379363298,-0.59148234129,0.79802018404],"AttitudeQuaternion":{"X":0.309684768013,"W":0.947623845908,"Z":0.0319238354719,"Y":-0.0713110079614},"UserAcceleration":{"Z":0.0011146516772,"X":-0.0169503260404,"Y":-0.00763529678807},"RotationRate":{"Z":0.00545032182708,"X":0.00949883181602,"Y":0.0171622112393},"AttitudeYaw":0.129118404475,"AttitudeRoll":-0.191751071391,"GravityX":{"Z":-0.79802018404,"X":-0.154924675822,"Y":-0.582376301289},"AttitudePitch":0.621648808675,"DotNum":1},{"Time":0.262934,"AttitudeRotationMatrix":[0.987844467163,0.0165642425418,0.15456032753,-0.104640588164,0.806141316891,0.582397162914,-0.114950500429,-0.591491162777,0.798075556755],"AttitudeQuaternion":{"X":0.309688392641,"W":0.947636714756,"Z":0.0319755525616,"Y":-0.0711007759989},"UserAcceleration":{"Z":0.00510680815205,"X":-0.0218007583171,"Y":0.00071691093035},"RotationRate":{"Z":-0.00771507713944,"X":-0.00579196820036,"Y":0.0283871330321},"AttitudeYaw":0.129082520591,"AttitudeRoll":-0.191298095501,"GravityX":{"Z":-0.798075556755,"X":-0.15456032753,"Y":-0.582397222519},"AttitudePitch":0.62167452955,"DotNum":1},{"Time":0.272217,"AttitudeRotationMatrix":[0.987930476666,0.0172065682709,0.153939276934,-0.104759663343,0.8062748909,0.582190871239,-0.114099860191,-0.591290712357,0.798346102238],"AttitudeQuaternion":{"X":0.309559967558,"W":0.947701359272,"Z":0.0321742273125,"Y":-0.0707077026672},"UserAcceleration":{"Z":-0.00487656192854,"X":-0.0300054252148,"Y":0.000281692977296},"RotationRate":{"Z":-0.0246761962771,"X":-0.00479644350708,"Y":0.106915198267},"AttitudeYaw":0.129206617558,"AttitudeRoll":-0.190484914943,"GravityX":{"Z":-0.798346102238,"X":-0.153939276934,"Y":-0.582190871239},"AttitudePitch":0.621420726775,"DotNum":1},{"Time":0.28282,"AttitudeRotationMatrix":[0.98810094595,0.0177855119109,0.152775093913,-0.104511715472,0.806393384933,0.582071304321,-0.112844392657,-0.591112017632,0.798656821251],"AttitudeQuaternion":{"X":0.309455455482,"W":0.947780452046,"Z":0.0322588504856,"Y":-0.0700635594101},"UserAcceleration":{"Z":-0.005801780615,"X":-0.0201375000179,"Y":0.00515176774934},"RotationRate":{"Z":-0.0344763323665,"X":-3.10395807901e-05,"Y":0.102121338248},"AttitudeYaw":0.128885455964,"AttitudeRoll":-0.189006743784,"GravityX":{"Z":-0.798656821251,"X":-0.152775093913,"Y":-0.582071304321},"AttitudePitch":0.621273696628,"DotNum":1},{"Time":0.298882,"AttitudeRotationMatrix":[0.988280594349,0.0184727013111,0.151526421309,-0.104343891144,0.806283473969,0.58225363493,-0.111417450011,-0.591240823269,0.798761844635],"AttitudeQuaternion":{"X":0.309530000932,"W":0.947803496499,"Z":0.0323950574448,"Y":-0.0693561158092},"UserAcceleration":{"Z":-0.000966578081716,"X":-0.0181360524148,"Y":0.00168723729439},"RotationRate":{"Z":-0.0213634688407,"X":0.0210809689015,"Y":0.111678786576},"AttitudeYaw":0.128698119906,"AttitudeRoll":-0.187473961568,"GravityX":{"Z":-0.798761844635,"X":-0.151526421309,"Y":-0.58225363493},"AttitudePitch":0.621497932979,"DotNum":1},{"Time":0.314849,"AttitudeRotationMatrix":[0.988413095474,0.0195952579379,0.150517851114,-0.104741707444,0.8057538867,0.582915008068,-0.109857976437,-0.591926276684,0.798470079899],"AttitudeQuaternion":{"X":0.309914960299,"W":0.947712642832,"Z":0.0327992247809,"Y":-0.0686853321475},"UserAcceleration":{"Z":0.0244374927133,"X":-0.0227609518915,"Y":-0.00232059485279},"RotationRate":{"Z":-0.0116791306064,"X":0.0254774969071,"Y":0.169433057308},"AttitudeYaw":0.129267318426,"AttitudeRoll":-0.186321365508,"GravityX":{"Z":-0.798470079899,"X":-0.150517851114,"Y":-0.582915008068},"AttitudePitch":0.622311640535,"DotNum":1},{"Time":0.331898,"AttitudeRotationMatrix":[0.988717794418,0.0212167128921,0.148280084133,-0.104845501482,0.805016756058,0.583913862705,-0.106979221106,-0.592872560024,0.798158884048],"AttitudeQuaternion":{"X":0.310460202512,"W":0.947614561425,"Z":0.0332577732306,"Y":-0.0673426027893},"UserAcceleration":{"Z":0.0283377058804,"X":-0.0141954943538,"Y":-0.00608245050535},"RotationRate":{"Z":-0.0295409802347,"X":0.00296244118363,"Y":0.241916149855},"AttitudeYaw":0.129511146162,"AttitudeRoll":-0.183683592076,"GravityX":{"Z":-0.798158884048,"X":-0.148280099034,"Y":-0.583913862705},"AttitudePitch":0.623541531938,"DotNum":1},{"Time":0.347192,"AttitudeRotationMatrix":[0.989095389843,0.0228340812027,0.145495563746,-0.104470163584,0.805115401745,0.583845198154,-0.103809148073,-0.592678487301,0.798721432686],"AttitudeQuaternion":{"X":0.310345998272,"W":0.947751573685,"Z":0.0335805945237,"Y":-0.065762144174},"UserAcceleration":{"Z":0.0155793139711,"X":-0.00329289468937,"Y":-0.00676153693348},"RotationRate":{"Z":-0.0106781376526,"X":-0.0452186726034,"Y":0.18428735435},"AttitudeYaw":0.129037010944,"AttitudeRoll":-0.180184925368,"GravityX":{"Z":-0.798721432686,"X":-0.145495563746,"Y":-0.58384513855},"AttitudePitch":0.623456866815,"DotNum":1},{"Time":0.367678,"AttitudeRotationMatrix":[0.989299893379,0.023812584579,0.143939673901,-0.104235954583,0.805663049221,0.58313113451,-0.102081015706,-0.591895282269,0.79952454567],"AttitudeQuaternion":{"X":0.309883968601,"W":0.947956689998,"Z":0.0337696180112,"Y":-0.0648818371411},"UserAcceleration":{"Z":-0.00409483816475,"X":0.000613863987383,"Y":-0.00765870232135},"RotationRate":{"Z":-0.00177090778016,"X":-0.0814229622483,"Y":0.0777996629477},"AttitudeYaw":0.128664361148,"AttitudeRoll":-0.178123529777,"GravityX":{"Z":-0.79952454567,"X":-0.143939673901,"Y":-0.583131074905},"AttitudePitch":0.622577614137,"DotNum":1},{"Time":0.377337,"AttitudeRotationMatrix":[0.989357411861,0.0241500064731,0.143487408757,-0.104112245142,0.806395471096,0.582140028477,-0.101648911834,-0.59088331461,0.800327658653],"AttitudeQuaternion":{"X":0.309287229012,"W":0.948166719869,"Z":0.033818486061,"Y":-0.0646342889206},"UserAcceleration":{"Z":-0.0200611557812,"X":-0.000311412994051,"Y":-0.00352279446088},"RotationRate":{"Z":0.00743808178231,"X":-0.0482724495232,"Y":0.0115011977032},"AttitudeYaw":0.128397903878,"AttitudeRoll":-0.177401107702,"GravityX":{"Z":-0.800327658653,"X":-0.143487408757,"Y":-0.582140028477},"AttitudePitch":0.621358216312,"DotNum":1},{"Time":0.393062,"AttitudeRotationMatrix":[0.98930567503,0.0239465907216,0.143877834082,-0.104135461152,0.806652367