[{"GravityX":{"Y":-0.858881294727,"X":0.0262761246413,"Z":-0.511500239372},"UserAcceleration":{"Y":-0.00378961139359,"X":0.00978039391339,"Z":-0.0142718497664},"AttitudeRotationMatrix":[0.999646782875,0.00398822594434,-0.0262761227787,0.020534299314,0.511762917042,0.858881294727,0.0168725587428,-0.85911744833,0.511500239372],"AttitudePitch":1.03308141472,"Time":0.006074011,"AttitudeQuaternion":{"X":0.494060626673,"W":0.869325877225,"Y":0.0124086618706,"Z":-0.00475830517386},"AttitudeRoll":0.0513255804505,"RotationRate":{"Y":-0.0350782796741,"X":0.0172442570329,"Z":-0.0124278701842},"AttitudeYaw":-0.0401031187614,"DotNum":0},{"GravityX":{"Y":-0.859073936939,"X":0.026332847774,"Z":-0.511173725128},"UserAcceleration":{"Y":0.0033457793761,"X":-0.00161360949278,"Z":-0.0181079022586},"AttitudeRotationMatrix":[0.999646246433,0.00373493973166,-0.026332847774,0.0207190252841,0.511431992054,0.859073996544,0.0166760496795,-0.859315633774,0.511173725128],"AttitudePitch":1.03345765854,"Time":0.01402801,"AttitudeQuaternion":{"X":0.494226800904,"W":0.869231267168,"Y":0.012369808932,"Z":-0.00488480021955},"AttitudeRoll":0.0514689830882,"RotationRate":{"Y":-0.0109464665875,"X":0.0630903095007,"Z":-0.00717172119766},"AttitudeYaw":-0.0404896450403,"DotNum":0},{"GravityX":{"Y":-0.859176397324,"X":0.0261573661119,"Z":-0.511010527611},"UserAcceleration":{"Y":0.00267002754845,"X":0.000988020328805,"Z":-0.0124422414228},"AttitudeRotationMatrix":[0.999652564526,0.00324153993279,-0.0261573642492,0.0208237692714,0.51125562191,0.859176397324,0.0161581560969,-0.859422564507,0.511010527611],"AttitudePitch":1.03365784105,"Time":0.03595799,"AttitudeQuaternion":{"X":0.494314279471,"W":0.869183343201,"Y":0.0121710573294,"Z":-0.00505711151649},"AttitudeRoll":0.0511428922322,"RotationRate":{"Y":-0.0399675294757,"X":0.0321479067206,"Z":-0.00837988127023},"AttitudeYaw":-0.0407081380458,"DotNum":0},{"GravityX":{"Y":-0.859284937382,"X":0.0261333845556,"Z":-0.510829210281},"UserAcceleration":{"Y":-0.00202794792131,"X":0.00433841673657,"Z":-0.00227809604257},"AttitudeRotationMatrix":[0.999654650688,0.00275295972824,-0.0261333845556,0.0210563577712,0.511063635349,0.859284937382,0.0157213993371,-0.859538495541,0.510829210281],"AttitudePitch":1.0338700098,"Time":0.04685199,"AttitudeQuaternion":{"X":0.494409196895,"W":0.869129957524,"Y":0.0120392768124,"Z":-0.00526486226596},"AttitudeRoll":0.051114191522,"RotationRate":{"Y":-0.0201530288905,"X":0.00713554490358,"Z":-0.0103031219915},"AttitudeYaw":-0.0411777569335,"DotNum":0},{"GravityX":{"Y":-0.859519958496,"X":0.0259875226766,"Z":-0.510441064835},"UserAcceleration":{"Y":0.00122835161164,"X":2.87122620648e-05,"Z":0.017475342378},"AttitudeRotationMatrix":[0.999659478664,0.00235518906266,-0.0259875226766,0.0211412832141,0.510664701462,0.859519958496,0.0152952428907,-0.859776735306,0.51044100523],"AttitudePitch":1.03432973873,"Time":0.067976,"AttitudeQuaternion":{"X":0.494609374504,"W":0.869017441194,"Y":0.0118762766116,"Z":-0.00540440632587},"AttitudeRoll":0.0508679797094,"RotationRate":{"Y":-0.027685130015,"X":0.00578282400966,"Z":-0.00142042955849},"AttitudeYaw":-0.0413759080979,"DotNum":0},{"GravityX":{"Y":-0.859655380249,"X":0.0257894396782,"Z":-0.510222971439},"UserAcceleration":{"Y":0.000234625578742,"X":0.00300389481708,"Z":0.00646932329983},"AttitudeRotationMatrix":[0.99966531992,0.00203040242195,-0.0257894415408,0.0211407151073,0.510436713696,0.859655380249,0.0149093251675,-0.859912872314,0.510222971439],"AttitudePitch":1.03459476314,"Time":0.079557,"AttitudeQuaternion":{"X":0.494723563017,"W":0.868954120629,"Y":0.0117091234304,"Z":-0.00549807848058},"AttitudeRoll":0.0505024504465,"RotationRate":{"Y":-0.0239090658724,"X":0.00943005923182,"Z":0.00233033020049},"AttitudeYaw":-0.0413932568647,"DotNum":0},{"GravityX":{"Y":-0.859521150589,"X":0.0252580177039,"Z":-0.510475695133},"UserAcceleration":{"Y":-0.0017154419329,"X":0.00178055698052,"Z":-0.00591222103685},"AttitudeRotationMatrix":[0.999679923058,0.00144975073636,-0.0252580177039,0.0209761708975,0.510669589043,0.859521090984,0.0141445938498,-0.859775841236,0.510475754738],"AttitudePitch":1.03433199417,"Time":0.100387,"AttitudeQuaternion":{"X":0.494604541298,"W":0.869026066818,"Y":0.0113352785882,"Z":-0.00561732823993},"AttitudeRoll":0.0494390512083,"RotationRate":{"Y":-0.0642298087478,"X":-0.0241324007511,"Z":0.0125568611547},"AttitudeYaw":-0.0410527377857,"DotNum":0},{"GravityX":{"Y":-0.85929107666,"X":0.0248966179788,"Z":-0.510880589485},"UserAcceleration":{"Y":-0.00553128588945,"X":0.0110225724056,"Z":0.0049601639621},"AttitudeRotationMatrix":[0.999689817429,0.000620504841208,-0.0248966179788,0.0210828706622,0.511052191257,0.859291136265,0.0132566653192,-0.859549462795,0.510880589485],"AttitudePitch":1.03388209875,"Time":0.121265,"AttitudeQuaternion":{"X":0.494408004547,"W":0.869140750594,"Y":0.0109744257117,"Z":-0.00588580296713},"AttitudeRoll":0.0486942308321,"RotationRate":{"Y":-0.0579878166318,"X":-0.0277502182871,"Z":0.00362480385229},"AttitudeYaw":-0.0412304726021,"DotNum":0},{"GravityX":{"Y":-0.859335660934,"X":0.0246643573046,"Z":-0.510816931725},"UserAcceleration":{"Y":-0.000115642891615,"X":0.00162653601728,"Z":0.0171798188239},"AttitudeRotationMatrix":[0.999695777893,0.000100648030639,-0.0246643573046,0.0211499668658,0.510974466801,0.85933560133,0.0126893483102,-0.859595835209,0.510816931725],"AttitudePitch":1.03396920282,"Time":0.133045,"AttitudeQuaternion":{"X":0.494445245189,"W":0.869121275316,"Y":0.0107446757702,"Z":-0.00605477041037},"AttitudeRoll":0.0482466750196,"RotationRate":{"Y":-0.0302561149001,"X":-0.00423610955477,"Z":-0.00279299984686},"AttitudeYaw":-0.0413678219589,"DotNum":0},{"GravityX":{"Y":-0.859403192997,"X":0.0241194088012,"Z":-0.510729253292},"UserAcceleration":{"Y":0.011716443114,"X":-0.00506118033081,"Z":0.00456470763311},"AttitudeRotationMatrix":[0.999709010124,-0.000331954099238,-0.0241194088012,0.0209039635956,0.510870993137,0.859403192997,0.0120366234332,-0.859657347202,0.510729253292],"AttitudePitch":1.03410132191,"Time":0.145534,"AttitudeQuaternion":{"X":0.494496917017,"W":0.869095687416,"Y":0.0104004749206,"Z":-0.00610862481859},"AttitudeRoll":0.0471903673888,"RotationRate":{"Y":-0.0364821515977,"X":0.00182993232738,"Z":0.00868023466319},"AttitudeYaw":-0.0408954726883,"DotNum":0},{"GravityX":{"Y":-0.859441041946,"X":0.0236718673259,"Z":-0.510686516762},"UserAcceleration":{"Y":-0.00243638921529,"X":0.000421761447797,"Z":-0.00422131828964},"AttitudeRotationMatrix":[0.999719381332,-0.000871575437486,-0.0236718673259,0.0207956209779,0.510811686516,0.859441101551,0.011342799291,-0.859692156315,0.510686516762],"AttitudePitch":1.03417533681,"Time":0.165523,"AttitudeQuaternion":{"X":0.494525317036,"W":0.869082511561,"Y":0.0100723077956,"Z":-0.00623277834033},"AttitudeRoll":0.0463198725937,"RotationRate":{"Y":-0.046413410455,"X":0.0106551460922,"Z":0.0064557120204},"AttitudeYaw":-0.0406884597669,"DotNum":0},{"GravityX":{"Y":-0.859565317631,"X":0.0232452210039,"Z":-0.510496914387},"UserAcceleration":{"Y":-0.00177804252598,"X":-0.00102842366323,"Z":-0.0032970465254},"AttitudeRotationMatrix":[0.99972897768,-0.0012855483219,-0.0232452228665,0.0206427946687,0.5106087327,0.859565377235,0.0107642011717,-0.859812259674,0.510496914387],"AttitudePitch":1.03441850201,"Time":0.176363,"AttitudeQuaternion":{"X":0.494626959054,"W":0.869027418891,"Y":0.00978375937619,"Z":-0.00630829974991},"AttitudeRoll":0.0455030678816,"RotationRate":{"Y":-0.0288373958319,"X":0.0191987622529,"Z":0.0100495126098},"AttitudeYaw":-0.0404058054704,"DotNum":0},{"GravityX":{"Y":-0.859607100487,"X":0.0226342156529,"Z":-0.510454058647},"UserAcceleration":{"Y":0.000949260778725,"X":-0.00432366970927,"Z":-0.00494207534939},"AttitudeRotationMatrix":[0.999742209911,-0.00179988238961,-0.0226342156529,0.0203807167709,0.510549008846,0.859607100487,0.0100086843595,-0.859846830368,0.510454058647],"AttitudePitch":1.03450021856,"Time":0.197466,"AttitudeQuaternion":{"X":0.494656236022,"W":0.869014559553,"Y":0.0093907809833,"Z":-0.00638096247581},"AttitudeRoll":0.0443123141709,"RotationRate":{"Y":-0.0451756827533,"X":0.00937837921083,"Z":0.00767312897369},"AttitudeYaw":-0.0398980323224,"DotNum":0},{"GravityX":{"Y":-0.859348595142,"X":0.0222823508084,"Z":-0.510904550552},"UserAcceleration":{"Y":-0.00124710705131,"X":0.00440527033061,"Z":-0.0131737915799},"AttitudeRotationMatrix":[0.999748587608,-0.00250341650099,-0.022282352671,0.0204326473176,0.510981917381,0.859348595142,0.00923457182944,-0.859587848186,0.510904550552],"AttitudePitch":1.0339945157,"Time":0.208894,"AttitudeQuaternion":{"X":0.494434553428,"W":0.869142545272,"Y":0.00906552146395,"Z":-0.00659732489718},"AttitudeRoll":0.043585907457,"RotationRate":{"Y":-0.0553525313735,"X":-0.0128709105775,"Z":0.00126064079814},"AttitudeYaw":-0.0399657324431,"DotNum":0},{"GravityX":{"Y":-0.85929787159,"X":0.0216593574733,"Z":-0.511016607285},"UserAcceleration":{"Y":-0.00738606508821,"X":0.00180866022129,"Z":-0.00407430855557},"AttitudeRotationMatrix":[0.999760329723,-0.00319532770664,-0.0216593556106,0.0202497430146,0.51107442379,0.85929787159,0.00832380540669,-0.859530448914,0.511016607285],"AttitudePitch":1.03389538004,"Time":0.229872,"AttitudeQuaternion":{"X":0.49438578957,"W":0.869173654823,"Y":0.00862404276261,"Z":-0.00674349460557},"AttitudeRoll":0.0423594844266,"RotationRate":{"Y":-0.0565361976624,"X":-0.00187668320723,"Z":0.0139725897461},"AttitudeYaw":-0.0396011932901,"DotNum":0},{"GravityX":{"Y":-0.85941439867,"X":0.0213006325066,"Z":-0.510835707188},"UserAcceleration":{"Y":0.00257238256745,"X":0.00331179471686,"Z":0.00799758452922},"AttitudeRotationMatrix":[0.999765813351,-0.00382700748742,-0.0213006325066,0.02026594989,0.510877788067,0.85941439867,0.00759303430095,-0.859644830227,0.510835707188],"AttitudePitch":1.03412325205,"Time":0.241367,"AttitudeQuaternion":{"X":0.494482623302,"W":0.869120147511,"Y":0.00831118296804,"Z":-0.00693027272228},"AttitudeRoll":0.0416734754515,"RotationRate":{"Y":-0.0439827144146,"X":0.000762719195336,"Z":0.00126295676455},"AttitudeYaw":-0.0396480912219,"DotNum":0},{"GravityX":{"Y":-0.859307467937,"X":0.0209084562957,"Z":-0.511031806469},"UserAcceleration":{"Y":0.00214499421418,"X":0.00226964452304,"Z":0.00816315598786},"AttitudeRotationMatrix":[0.999771475792,-0.00445770006627,-0.0209084562957,0.0202495642006,0.511058330536,0.859307467937,0.00685490621254,-0.859534442425,0.511031806469],"AttitudePitch":1.03391410044,"Time":0.262534,"AttitudeQuaternion":{"X":0.494388841844,"W":0.869175126971,"Y":0.00798554892534,"Z":-0.0071065268196},"AttitudeRoll":0.0408913902834,"RotationRate":{"Y":-0.0492641143501,"X":-0.0328804403543,"Z":0.00339221395552},"AttitudeYaw":-0.0396020895918,"DotNum":0},{"GravityX":{"Y":-0.859179317951,"X":0.0204169917852,"Z":-0.511267066002},"UserAcceleration":{"Y":-0.00266759283841,"X":-0.000519531022292,"Z":0.0106872422621},"AttitudeRotationMatrix":[0.999777972698,-0.00521181151271,-0.0204169917852,0.0202110148966,0.511275291443,0.859179317951,0.00596082210541,-0.859401166439,0.511267066002],"AttitudePitch":1.0336636178,"Time":0.273948,"AttitudeQuaternion":{"X":0.494276145037,"W":0.869241091982,"Y":0.00758644951813,"Z":-0.00731178784008},"AttitudeRoll":0.0399128949216,"RotationRate":{"Y":-0.0517469383776,"X":-0.0326837524772,"Z":-0.00659680133685},"AttitudeYaw":-0.0395100226045,"DotNum":0},{"GravityX":{"Y":-0.859044969082,"X":0.0201688669622,"Z":-0.511502623558},"UserAcceleration":{"Y":0.00411027763039,"X":-0.00315531808883,"Z":0.00723018450662},"AttitudeRotationMatrix":[0.99978017807,-0.00572745129466,-0.0201688669622,0.0202600043267,0.511499047279,0.859044969082,0.0053962180391,-0.859264791012,0.511502623558],"AttitudePitch":1.03340108489,"Time":0.294693,"AttitudeQuaternion":{"X":0.494160523867,"W":0.869307464502,"Y":0.00735214144759,"Z":-0.00747360887055},"AttitudeRoll":0.0394102065297,"RotationRate":{"Y":-0.03288981691,"X":-0.023017084226,"Z":-0.000506618816871},"AttitudeYaw":-0.0395883807497,"DotNum":0},{"GravityX":{"Y":-0.858912885189,"X":0.0197391621768,"Z":-0.511741161346},"UserAcceleration":{"Y":0.00155205989722,"X":-0.00406838627532,"Z":0.0013041299535},"AttitudeRotationMatrix":[0.999786376953,-0.00613249372691,-0.0197391621768,0.0200966782868,0.51172721386,0.858912944794,0.00483378861099,-0.859126091003,0.511741161346],"AttitudePitch":1.03314314054,"Time":0.30813,"AttitudeQuaternion":{"X":0.494044023381,"W":0.869375454589,"Y":0.00706626556898,"Z":-0.00754253343058},"AttitudeRoll":0.0385534410761,"RotationRate":{"Y":-0.0328109525144,"X":-0.011918740347,"Z":0.00591627368703},"AttitudeYaw":-0.0392520783626,"DotNum":0},{"GravityX":{"Y":-0.85874325037,"X":0.0194302648306,"Z":-0.512037575245},"UserAcceleration":{"Y":-0.00232547731139,"X":-0.000433073088061,"Z":-0.0118424100801},"AttitudeRotationMatrix":[0.999789953232,-0.00652023497969,-0.0194302648306,0.020028270781,0.512014567852,0.85874325037,0.0043493709527,-0.858951985836,0.512037575245],"AttitudePitch":1.03281196061,"Time":0.333494,"AttitudeQuaternion":{"X":0.493897207507,"W":0.869459904318,"Y":0.00683747356912,"Z":-0.0076336200345},"AttitudeRoll":0.03792875245,"RotationRate":{"Y":-0.0301952976733,"X":0.00178787205368,"Z":0.00480871042237},"AttitudeYaw":-0.039096672972,"DotNum":0},{"GravityX":{"Y":-0.858801305294,"X":0.0191133823246,"Z":-0.511952161789},"UserAcceleration":{"Y":0.00278322398663,"X":0.00125710014254,"Z":-0.0028030811809},"AttitudeRotationMatrix":[0.999793529511,-0.00689451908693,-0.0191133823246,0.0199481602758,0.511920332909,0.858801245689,0.0038635074161,-0.859005212784,0.511952161789],"AttitudePitch":1.03292524523,"Time":0.348333,"AttitudeQuaternion":{"X":0.493943585487,"W":0.86943459199,"Y":0.00660684851828,"Z":-0.00771842993167},"AttitudeRoll":0.0373169827546,"RotationRate":{"Y":-0.0237312149256,"X":0.0267264917493,"Z":0.00128559337463},"AttitudeYaw":-0.038947610537,"DotNum":0},{"GravityX":{"Y":-0.859015703201,"X":0.0191668793559,"Z":-0.511590301991},"UserAcceleration":{"Y":0.00516437925398,"X":0.00321776443161,"Z":-0.000326787761878},"AttitudeRotationMatrix":[0.99979197979,-0.00697200279683,-0.0191668793559,0.0200353935361,0.511557042599,0.859015703201,0.00381589168683,-0.859220981598,0.511590361595],"AttitudePitch":1.03334390353,"Time":0.359465,"AttitudeQuaternion":{"X":0.494126657301,"W":0.869330110606,"Y":0.0066093335727,"Z":-0.00776672703974},"AttitudeRoll":0.0374477737657,"RotationRate":{"Y":0.00379333132878,"X":0.0266011618078,"Z":-0.00167351204436},"AttitudeYaw":-0.0391455073738,"DotNum":0},{"GravityX":{"Y":-0.859253108501,"X":0.0191789902747,"Z":-0.511190950871},"UserAcceleration":{"Y":0.00599691038951,"X":-0.00515616359189,"Z":0.00945147499442},"AttitudeRotationMatrix":[0.999792873859,-0.00680895894766,-0.0191789902747,0.019964216277,0.51116091013,0.859253168106,0.00395293021575,-0.859458088875,0.511190950871],"AttitudePitch":1.03380787711,"Time":0.370681,"AttitudeQuaternion":{"X":0.4943280772,"W":0.86921584918,"Y":0.00665310040484,"Z":-0.00770038184102},"AttitudeRoll":0.0375006604127,"RotationRate":{"Y":0.0162005927414,"X":0.0140695748851,"Z":-0.00204825005494},"AttitudeYaw":-0.039036777013,"DotNum":0},{"GravityX":{"Y":-0.859252512455,"X":0.0192384701222,"Z":-0.511189758778},"UserAcceleration":{"Y":-0.00680582690984,"X":0.0011777903419,"Z":-0.00243632565252},"AttitudeRotationMatrix":[0.999792039394,-0.0067610796541,-0.0192384682596,0.0199908595532,0.51116091013,0.859252512455,0.00402447860688,-0.859458386898,0.511189758778],"AttitudePitch":1.03380667786,"Time":0.3967,"AttitudeQuaternion":{"X":0.49432817735,"W":0.869215557006,"Y":0.0066907879653,"Z":-0.00769427662272},"AttitudeRoll":0.0376169384743,"RotationRate":{"Y":-0.00646163290367,"X":-0.00327378767543,"Z":0.00058963423362},"AttitudeYaw":-0.0390888215551,"DotNum":0},{"GravityX":{"Y":-0.859182596207,"X":0.0192261543125,"Z":-0.51130771637},"UserAcceleration":{"Y":-0.00382397859357,"X":-0.00157173466869,"Z":-0.00384424999356},"AttitudeRotationMatrix":[0.999791681767,-0.00685317348689,-0.0192261524498,0.0200268179178,0.511277019978,0.859182655811,0.00394176226109,-0.859388649464,0.51130771637],"AttitudePitch":1.03367003226,"Time":0.402659,"AttitudeQuaternion":{"X":0.494268892443,"W":0.869249157819,"Y":0.00666319773763,"Z":-0.00773080778953},"AttitudeRoll":0.0375842158856,"RotationRate":{"Y":-0.00269945454784,"X":-0.00320749799721,"Z":-0.00448699295521},"AttitudeYaw":-0.0391501795097,"DotNum":0},{"GravityX":{"Y":-0.859104216099,"X":0.0191892739385,"Z":-0.511440873146},"UserAcceleration":{"Y":0.00571064837277,"X":-0.00126019690651,"Z":0.000317190075293},"AttitudeRotationMatrix":[0.99979186058,-0.00692516611889,-0.0191892739385,0.0200313441455,0.511408567429,0.859104216099,0.00386411929503,-0.859309852123,0.511440873146],"AttitudePitch":1.03351680789,"Time":0.424194,"AttitudeQuaternion":{"X":0.494202003085,"W":0.869287249864,"Y":0.00662996990038,"Z":-0.00775247505563},"AttitudeRoll":0.0375024347843,"RotationRate":{"Y":-0.00268175895326,"X":-0.00073908775812,"Z":-0.00319876731373},"AttitudeYaw":-0.039148952935,"DotNum":0},{"GravityX":{"Y":-0.858929932117,"X":0.0190120451152,"Z":-0.511740088463},"UserAcceleration":{"Y":0.000195810338482,"X":-0.00320393964648,"Z":-0.000131268854602},"AttitudeRotationMatrix":[0.999795019627,-0.00696263276041,-0.0190120451152,0.0198969170451,0.511706411839,0.858929991722,0.00374817149714,-0.859132170677,0.511740088463],"AttitudePitch":1.03317641766,"Time":0.435193,"AttitudeQuaternion":{"X":0.494051746676,"W":0.86937355439,"Y":0.0065450049215,"Z":-0.00772382316257},"AttitudeRoll":0.0371346827685,"RotationRate":{"Y":-0.010360667482,"X":-0.019577447325,"Z":0.00795336812735},"AttitudeYaw":-0.0388638834023,"DotNum":0},{"GravityX":{"Y":-0.858807504177,"X":0.0186565481126,"Z":-0.511958599091},"UserAcceleration":{"Y":-0.00273425853811,"X":-0.00147515127901,"Z":-0.00314758066088},"AttitudeRotationMatrix":[0.999799311161,-0.00730077596381,-0.0186565481126,0.0197637416422,0.511917054653,0.858807504177,0.00328064383939,-0.859003841877,0.511958599091],"AttitudePitch":1.03293734561,"Time":0.457468,"AttitudeQuaternion":{"X":0.493944227967,"W":0.869435878925,"Y":0.00630788097781,"Z":-0.00778220621925},"AttitudeRoll":0.0364253966268,"RotationRate":{"Y":-0.0277546476573,"X":-0.00570107670501,"Z":0.00466666324064},"AttitudeYaw":-0.0385881458988,"DotNum":0},{"GravityX":{"Y":-0.858772456646,"X":0.0187351796776,"Z":-0.512014508247},"UserAcceleration":{"Y":0.00229663471691,"X":0.00538896536455,"Z":0.000234713530517},"AttitudeRotationMatrix":[0.999796390533,-0.00749758351594,-0.0187351796776,0.0199318490922,0.511969327927,0.858772456646,0.00315311923623,-0.858971059322,0.512014508247],"AttitudePitch":1.0328689816,"Time":0.467615,"AttitudeQuaternion":{"X":0.493916126321,"W":0.869451001845,"Y":0.00629371272513,"Z":-0.00788699756413},"AttitudeRoll":0.0365747951032,"RotationRate":{"Y":-0.00395721336827,"X":-0.0032672858797,"Z":-0.000705216953065},"AttitudeYaw":-0.0389120732739,"DotNum":0},{"GravityX":{"Y":-0.858777165413,"X":0.0186582766473,"Z":-0.512009382248},"UserAcceleration":{"Y":0.00666537461802,"X":-0.00558149395511,"Z":0.00206064898521},"AttitudeRotationMatrix":[0.99979865551,-0.00738149415702,-0.0186582766473,0.0198063664138,0.511966228485,0.858777165413,0.00321334879845,-0.858973860741,0.512009382248],"AttitudePitch":1.03287820666,"Time":0.489738,"AttitudeQuaternion":{"X":0.493918778479,"W":0.86945015711,"Y":0.00628892424213,"Z":-0.007817544303},"AttitudeRoll":0.0364251600485,"RotationRate":{"Y":0.0112594533712,"X":0.0102192508057,"Z":0.00176950544119},"AttitudeYaw":-0.038667574967,"DotNum":0},{"GravityX":{"Y":-0.858855485916,"X":0.0187997929752,"Z":-0.511872887611},"UserAcceleration":{"Y":0.00120471639093,"X":0.00202845362946,"Z":-0.000273117446341},"AttitudeRotationMatrix":[0.999797940254,-0.00712073640898,-0.0187997929752,0.0197949502617,0.51183539629,0.858855426311,0.0035067149438,-0.859054028988,0.511872887611],"AttitudePitch":1.03303101655,"Time":0.499848,"AttitudeQuaternion":{"X":0.493986252858,"W":0.869411604189,"Y":0.00641425440775,"Z":-0.00773962722809},"AttitudeRoll":0.0367109645718,"RotationRate":{"Y":0.0174555666745,"X":0.00272993952967,"Z":0.000310972594889},"AttitudeYaw":-0.0386551841494,"DotNum":0},{"GravityX":{"Y":-0.854221045971,"X":0.0110349180177,"Z":-0.519792914391},"UserAcceleration":{"Y":-0.0190242044628,"X":0.0461397655308,"Z":-0.154157295823},"AttitudeRotationMatrix":[0.999884605408,-0.0104415006936,-0.0110349180177,0.0148543976247,0.519697725773,0.854221045971,-0.00318452715874,-0.854286372662,0.519792854786],"AttitudePitch":1.02405072013,"Time":0.003496945,"AttitudeQuaternion":{"X":0.48999845166,"W":0.871690206126,"Y":0.002251485303,"Z":-0.00725484175396},"AttitudeRoll":0.0212262625744,"RotationRate":{"Y":-0.100328668952,"X":0.128669470549,"Z":0.0907635614276},"AttitudeYaw":-0.0285749819835,"DotNum":1},{"GravityX":{"Y":-0.855110406876,"X":0.00941238831729,"Z":-0.518360495567},"UserAcceleration":{"Y":-0.00305915041827,"X":-0.0120521588251,"Z":-0.0314289331436},"AttitudeRotationMatrix":[0.999894738197,-0.0110439173877,-0.00941238831729,0.01377373375,0.518262922764,0.855110406876,-0.00456567667425,-0.85514998436,0.518360495567],"AttitudePitch":1.02576375656,"Time":0.02739799,"AttitudeQuaternion":{"X":0.490731921759,"W":0.871280401424,"Y":0.00139068655582,"Z":-0.00712102883273},"AttitudeRoll":0.0181560015906,"RotationRate":{"Y":-0.0667762309313,"X":0.0930110961199,"Z":0.0521011166275},"AttitudeYaw":-0.0265704753346,"DotNum":1},{"GravityX":{"Y":-0.855754673481,"X":0.00926824565977,"Z":-0.517298817635},"UserAcceleration":{"Y":0.0196035336703,"X":-0.00401922222227,"Z":0.0182601232082},"AttitudeRotationMatrix":[0.999899864197,-0.0106916604564,-0.00926824659109,0.0134624904022,0.517206668854,0.855754613876,-0.0043558399193,-0.855793714523,0.517298817635],"AttitudePitch":1.02700769029,"Time":0.03577799,"AttitudeQuaternion":{"X":0.491272431746,"W":0.870977234091,"Y":0.00141002716708,"Z":-0.00693306028089},"AttitudeRoll":0.0179147023319,"RotationRate":{"Y":0.0631056725979,"X":0.0557143948972,"Z":0.000558668514714},"AttitudeYaw":-0.0260233522961,"DotNum":1},{"GravityX":{"Y":-0.855985045433,"X":0.0102404020727,"Z":-0.516899168491},"UserAcceleration":{"Y":0.00645197182894,"X":-0.032777633518,"Z":0.0638962090015},"AttitudeRotationMatrix":[0.999907612801,-0.00893775746226,-0.0102404020727,0.0133861452341,0.516827225685,0.855985045433,-0.00235806824639,-0.856043100357,0.516899108887],"AttitudePitch":1.02745316788,"Time":0.05766195,"AttitudeQuaternion":{"X":0.491472592077,"W":0.870866523508,"Y":0.00226278488119,"Z":-0.00640853148769},"AttitudeRoll":0.0198086282568,"RotationRate":{"Y":0.142774179578,"X":0.0101564433426,"Z":0.0111708277836},"AttitudeYaw":-0.0258948277381,"DotNum":1},{"GravityX":{"Y":-0.856144785881,"X":0.0109322927892,"Z":-0.516620337963},"UserAcceleration":{"Y":-0.00692283874378,"X":-0.0090707205236,"Z":0.0206791888922},"AttitudeRotationMatrix":[0.999917447567,-0.00675273872912,-0.0109322927892,0.012848990038,0.516576230526,0.856144785881,-0.000133959576488,-0.856214523315,0.516620397568],"AttitudePitch":1.02776221245,"Time":0.08787495,"AttitudeQuaternion":{"X":0.491609818833,"W":0.870791884263,"Y":0.00310014747866,"Z":-0.00562755847849},"AttitudeRoll":0.0211580150899,"RotationRate":{"Y":0.133842244744,"X":-0.00753765134141,"Z":0.0286301095039},"AttitudeYaw":-0.0248682396071,"DotNum":1},{"GravityX":{"Y":-0.856265127659,"X":0.0115903280675,"Z":-0.516406476498},"UserAcceleration":{"Y":-0.015057480894,"X":0.00331750907935,"Z":-0.000530773715582},"AttitudeRotationMatrix":[0.999918997288,-0.00526053458452,-0.0115903280675,0.0126418620348,0.516381800175,0.856265187263,0.00148062221706,-0.856342315674,0.516406476498],"AttitudePitch":1.02799518678,"Time":0.09630698,"AttitudeQuaternion":{"X":0.491714017489,"W":0.870733496043,"Y":0.00375285598431,"Z":-0.00514003356379},"AttitudeRoll":0.0224404277263,"RotationRate":{"Y":0.0779524818063,"X":0.0231205672026,"Z":0.00125237507746},"AttitudeYaw":-0.0244767294353,"DotNum":1},{"GravityX":{"Y":-0.856527984142,"X":0.0124689443037,"Z":-0.515949964523},"UserAcceleration":{"Y":-0.00371677288786,"X":0.00388847780414,"Z":-0.0100357700139},"AttitudeRotationMatrix":[0.999910593033,-0.00483395112678,-0.0124689443037,0.013175169006,0.515932381153,0.856527984142,0.00229271780699,-0.856615722179,0.515949964523],"AttitudePitch":1.02850422637,"Time":0.100768,"AttitudeQuaternion":{"X":0.491942128478,"W":0.870602222497,"Y":0.00423892274344,"Z":-0.00517145489165},"AttitudeRoll":0.0241622615203,"RotationRate":{"Y":0.0381414927542,"X":0.0392095334828,"Z":-0.0480395443738},"AttitudeYaw":-0.0255310712797,"DotNum":1},{"GravityX":{"Y":-0.856770336628,"X":0.0133055401966,"Z":-0.515526473522},"UserAcceleration":{"Y":0.000157190210302,"X":-0.0145109845325,"Z":0.00248019536957},"AttitudeRotationMatrix":[0.99990183115,-0.00438591046259,-0.0133055401966,0.0136621445417,0.515517115593,0.856770336628,0.00310151558369,-0.856868088245,0.515526473522],"AttitudePitch":1.02897403,"Time":0.121051,"AttitudeQuaternion":{"X":0.492152990835,"W":0.870480535565,"Y":0.00471206866263,"Z":-0.00518336021997},"AttitudeRoll":0.0258038885537,"RotationRate":{"Y":0.0480004251003,"X":0.0274009946734,"Z":-0.0182660091668},"AttitudeYaw":-0.0264956248561,"DotNum":1},{"GravityX":{"Y":-0.857232153416,"X":0.0137054566294,"Z":-0.514747679234},"UserAcceleration":{"Y":0.00745495548472,"X":0.0151183959097,"Z":0.0050888475962},"AttitudeRotationMatrix":[0.99989682436,-0.00430587120354,-0.0137054566294,0.0139666069299,0.514740645885,0.857232153416,0.00336362374946,-0.857335150242,0.514747679234],"AttitudePitch":1.02987023671,"Time":0.133347,"AttitudeQuaternion":{"X":0.492546571962,"W":0.870256443105,"Y":0.00490346301613,"Z":-0.00524916500307},"AttitudeRoll":0.0266192947319,"RotationRate":{"Y":0.0183661375195,"X":0.0749401599169,"Z":-0.0183799955994},"AttitudeYaw":-0.0271266343485,"DotNum":1},{"GravityX":{"Y":-0.857646584511,"X":0.0141759449616,"Z":-0.514044165611},"UserAcceleration":{"Y":0.0119129270315,"X":0.00721687730402,"Z":-0.00980532169342},"AttitudeRotationMatrix":[0.999890685081,-0.00419649668038,-0.0141759440303,0.0143166836351,0.514040231705,0.857646584511,0.00368789536878,-0.85775578022,0.514044165611],"AttitudePitch":1.03067553113,"Time":0.15583,"AttitudeQuaternion":{"X":0.492901176597,"W":0.870053897826,"Y":0.00513296953718,"Z":-0.00531954979465},"AttitudeRoll":0.0275703022585,"RotationRate":{"Y":0.00691218813881,"X":0.0524538233876,"Z":-0.010980149731},"AttitudeYaw":-0.0278440900888,"DotNum":1},{"GravityX":{"Y":-0.857755482197,"X":0.0144162559882,"Z":-0.513855695724},"UserAcceleration":{"Y":0.00187476433348,"X":-0.00114110938739,"Z":0.00920176040381},"AttitudeRotationMatrix":[0.999887168407,-0.00422376813367,-0.0144162569195,0.0145376566797,0.51385229826,0.857755482197,0.00378486560658,-0.857868254185,0.513855695724],"AttitudePitch":1.03088739966,"Time":0.167529,"AttitudeQuaternion":{"X":0.492995739828,"W":0.869999298946,"Y":0.00523021158444,"Z":-0.00539121802505},"AttitudeRoll":0.028047709937,"RotationRate":{"Y":0.00892585795373,"X":-0.00737068522722,"Z":-0.0105854747817},"AttitudeYaw":-0.0282839638268,"DotNum":1},{"GravityX":{"Y":-0.857461512089,"X":0.0143971694633,"Z":-0.514346659184},"UserAcceleration":{"Y":-0.00195926707238,"X":-0.0126424087211,"Z":0.0172763429582},"AttitudeRotationMatrix":[0.999887287617,-0.0042531308718,-0.014397168532,0.0145342238247,0.514342784882,0.857461512089,0.00375818414614,-0.857574164867,0.514346659184],"AttitudePitch":1.03031576707,"Time":0.186716,"AttitudeQuaternion":{"X":0.492746855451,"W":0.870140328549,"Y":0.00521621431357,"Z":-0.00539779443653},"AttitudeRoll":0.0279838721161,"RotationRate":{"Y":-0.00762991327792,"X":-0.0399455316365,"Z":0.00553756533191},"AttitudeYaw":-0.028250336023,"DotNum":1},{"GravityX":{"Y":-0.857472896576,"X":0.014184535481,"Z":-0.514333605766},"UserAcceleration":{"Y":-0.00669336458668,"X":0.000158725844813,"Z":0.0103205200285},"AttitudeRotationMatrix":[0.999890506268,-0.00421442650259,-0.0141845364124,0.0143320281059,0.514329493046,0.857472896576,0.00368176959455,-0.857582330704,0.514333546162],"AttitudePitch":1.03033789557,"Time":0.2087989,"AttitudeQuaternion":{"X":0.492754360445,"W":0.870136998785,"Y":0.0051331873175,"Z":-0.00532860171379},"AttitudeRoll":0.0275714864953,"RotationRate":{"Y":0.00766295939684,"X":-0.00631626043469,"Z":0.00073748169234},"AttitudeYaw":-0.0278582509444,"DotNum":1},{"GravityX":{"Y":-0.857513606548,"X":0.0142786419019,"Z":-0.514263153076},"UserAcceleration":{"Y":-1.51046106112e-05,"X":-0.00304817315191,"Z":0.00178145058453},"AttitudeRotationMatrix":[0.99989002943,-0.00400637136772,-0.0142786419019,0.0143060293049,0.514262378216,0.857513606548,0.0039074504748,-0.857623517513,0.514263153076],"AttitudePitch":1.03041697631,"Time":0.220409,"AttitudeQuaternion":{"X":0.49278913078,"W":0.870117168493,"Y":0.00522518481843,"Z":-0.00526147539311},"AttitudeRoll":0.0277581129517,"RotationRate":{"Y":0.0115293711424,"X":0.0073842452839,"Z":-0.00039037046372},"AttitudeYaw":-0.0278113676394,"DotNum":1},{"GravityX":{"Y":-0.857336461544,"X":0.014338446781,"Z":-0.514556765556},"UserAcceleration":{"Y":0.0021423464641,"X":0.000401543831686,"Z":-0.0133515838534},"AttitudeRotationMatrix":[0.999888718128,-0.00411681784317,-0.014338446781,0.0144128035754,0.514554679394,0.857336461544,0.00384841673076,-0.857447683811,0.514556705952],"AttitudePitch":1.03007274672,"Time":0.2324049,"AttitudeQuaternion":{"X":0.492640162296,"W":0.870201144902,"Y":0.00522490212176,"Z":-0.00532337310757},"AttitudeRoll":0.0278584181858,"RotationRate":{"Y":-0.0123849567026,"X":-0.0122652519494,"Z":-0.00779641186818},"AttitudeYaw":-0.0280029265524,"DotNum":1},{"GravityX":{"Y":-0.857248783112,"X":0.0144108701497,"Z":-0.514700710773},"UserAcceleration":{"Y":-0.0018820714904,"X":0.00380812399089,"Z":-0.00510517740622},"AttitudeRotationMatrix":[0.999886453152,-0.00440901052207,-0.0144108701497,0.0146246561781,0.514694690704,0.857248783112,0.00363758020103,-0.857362151146,0.514700710773],"AttitudePitch":1.02990249542,"Time":0.2516699,"AttitudeQuaternion":{"X":0.492567509463,"W":0.8702416143,"Y":0.00518489612778,"Z":-0.00546792590681},"AttitudeRoll":0.0279912292708,"RotationRate":{"Y":-0.0147659657523,"X":-0.00365492142737,"Z":-0.00501642283052},"AttitudeYaw":-0.0284065915839,"DotNum":1},{"GravityX":{"Y":-0.857337296009,"X":0.0142552498728,"Z":-0.514557600021},"UserAcceleration":{"Y":-0.00373140489683,"X":0.00107983278576,"Z":-0.00521780736744},"AttitudeRotationMatrix":[0.999887943268,-0.00457394868135,-0.0142552498728,0.0145767107606,0.514548540115,0.857337355614,0.00341360224411,-0.857449054718,0.514557540417],"AttitudePitch":1.03007446104,"Time":0.26562,"AttitudeQuaternion":{"X":0.492641291211,"W":0.870200276812,"Y":0.00507608783218,"Z":-0.00550179632994},"AttitudeRoll":0.0276968124094,"RotationRate":{"Y":-0.010791901499,"X":0.0260138567537,"Z":0.00661536492407},"AttitudeYaw":-0.0283215489803,"DotNum":1},{"GravityX":{"Y":-0.857466816902,"X":0.0142985209823,"Z":-0.51434057951},"UserAcceleration":{"Y":0.00315772579052,"X":0.00619403272867,"Z":-0.00979883037508},"AttitudeRotationMatrix":[0.999887049198,-0.00462404545397,-0.0142985209823,0.0146404495463,0.514330983162,0.857466757298,0.00338920624927,-0.857579290867,0.51434057951],"AttitudePitch":1.0303260648,"Time":0.286927,"AttitudeQuaternion":{"X":0.49275134475,"W":0.870137719952,"Y":0.00508187573086,"Z":-0.00553489854639},"AttitudeRoll":0.02779255605,"RotationRate":{"Y":-0.0107101593167,"X":0.0359765850008,"Z":0.00675059156492},"AttitudeYaw":-0.0284573538103,"DotNum":1},{"GravityX":{"Y":-0.857333779335,"X":0.0141090489924,"Z":-0.514567494392},"UserAcceleration":{"Y":-0.000103327329271,"X":0.00226363120601,"Z":-0.00261392863467},"AttitudeRotationMatrix":[0.999888539314,-0.00488562462851,-0.0141090489924,0.0146117080003,0.514553427696,0.857333779335,0.00307124853134,-0.857444405556,0.514567494392],"AttitudePitch":1.03006763395,"Time":0.296425,"AttitudeQuaternion":{"X":0.492637701286,"W":0.870202481331,"Y":0.00493571855097,"Z":-0.00560137836724},"AttitudeRoll":0.0274123726483,"RotationRate":{"Y":-0.0236949771643,"X":-0.0236449763179,"Z":0.00112196244299},"AttitudeYaw":-0.0283892439965,"DotNum":1},{"GravityX":{"Y":-0.857147872448,"X":0.0140196504071,"Z":-0.514879524708},"UserAcceleration":{"Y":-0.00306634651497,"X":-0.000332516880007,"Z":0.0143760088831},"AttitudeRotationMatrix":[0.999888837337,-0.0050767310895,-0.0140196494758,0.0146323591471,0.514862477779,0.857147872448,0.00286668306217,-0.857257783413,0.514879524708],"AttitudePitch":1.02970656586,"Time":0.316418,"AttitudeQuaternion":{"X":0.492480147625,"W":0.870291744276,"Y":0.0048507681552,"Z":-0.00566163298768},"AttitudeRoll":0.0272222647639,"RotationRate":{"Y":-0.00752741890028,"X":-0.0361320264637,"Z":-0.00307646975853},"AttitudeYaw":-0.0284122874546,"DotNum":1},{"GravityX":{"Y":-0.85732203722,"X":0.0138044217601,"Z":-0.514595329762},"UserAcceleration":{"Y":0.000724127050489,"X":-0.00675486074761,"Z":0.0167926196009},"AttitudeRotationMatrix":[0.999891877174,-0.00506919808686,-0.0138044208288,0.014444893226,0.514577746391,0.85732203722,0.00275751342997,-0.857428729534,0.514595329762],"AttitudePitch":1.03004475183,"Time":0.328038,"AttitudeQuaternion":{"X":0.492625297518,"W":0.870210462254,"Y":0.00475802569676,"Z":-0.00560614128108},"AttitudeRoll":0.0268193474532,"RotationRate":{"Y":0.00642134528607,"X":-0.0125694824383,"Z":-0.00172285898589},"AttitudeYaw":-0.0280639808858,"DotNum":1},{"GravityX":{"Y":-0.857229709625,"X":0.0137254176661,"Z":-0.514751255512},"UserAcceleration":{"Y":-0.000360033212928,"X":0.0002058569371,"Z":-0.00706879422069},"AttitudeRotationMatrix":[0.999893248081,-0.00500658014789,-0.0137254176661,0.014344425872,0.514734387398,0.857229709625,0.00277315545827,-0.857335090637,0.514751255512],"AttitudePitch":1.02986540323,"Time":0.3531539,"AttitudeQuaternion":{"X":0.49254634238,"W":0.870255557023,"Y":0.00473957718341,"Z":-0.00555900048686},"AttitudeRoll":0.0266578573631,"RotationRate":{"Y":0.00778316566721,"X":0.00112335023005,"Z":-0.00155524187721},"AttitudeYaw":-0.0278604139564,"DotNum":1},{"GravityX":{"Y":-0.857102930546,"X":0.0136554837227,"Z":-0.514964222908},"UserAcceleration":{"Y":0.00161890231539,"X":-4.46438898507e-05,"Z":-0.00781717151403},"AttitudeRotationMatrix":[0.999894618988,-0.00493288645521,-0.0136554837227,0.0142458379269,0.514948189259,0.857102930546,0.0028038751334,-0.857207119465,0.514964163303],"AttitudePitch":1.02961925255,"Time":0.36121,"AttitudeQuaternion":{"X":0.492438367807,"W":0.870317039781,"Y":0.00472797795676,"Z":-0.00550912005528},"AttitudeRoll":0.0265111329496,"RotationRate":{"Y":-0.00485138781369,"X":-0.0126355979592,"Z":0.0059852367267},"AttitudeYaw":-0.0276575485259,"DotNum":1},{"GravityX":{"Y":-0.856915771961,"X":0.0134917348623,"Z":-0.515279889107},"UserAcceleration":{"Y":7.37095397199e-05,"X":0.00278939283453,"Z":-0.00214564264752},"AttitudeRotationMatrix":[0.999896287918,-0.00504050543532,-0.0134917348623,0.0141599290073,0.515261948109,0.856915771961,0.00263248896226,-0.857017934322,0.515279889107],"AttitudePitch":1.02925604622,"Time":0.381746,"AttitudeQuaternion":{"X":0.492278990566,"W":0.870407682843,"Y":0.00463122750471,"Z":-0.00551478252227},"AttitudeRoll":0.0261773327585,"RotationRate":{"Y":-0.018570382148,"X":-0.00756899127737,"Z":0.00627864105627},"AttitudeYaw":-0.0274741164007,"DotNum":1},{"GravityX":{"Y":-0.856936991215,"X":0.0136913387105,"Z":-0.515239298344},"UserAcceleration":{"Y":0.000934203970246,"X":0.00654181605205,"Z":-0.0109295528382},"AttitudeRotationMatrix":[0.999893069267,-0.00513772061095,-0.0136913387105,0.014381211251,0.515220463276,0.856936991215,0.00265135522932,-0.857042253017,0.515239298344],"AttitudePitch":1.02929729459,"Time":0.392504,"AttitudeQuaternion":{"X":0.492299025904,"W":0.87039542968,"Y":0.00469404282242,"Z":-0.00560634004536},"AttitudeRoll":0.0265665253837,"RotationRate":{"Y":0.00547892181203,"X":0.0236905161291,"Z":-0.0087316762656},"AttitudeYaw":-0.0279054859744,"DotNum":1},{"GravityX":{"Y":-0.85692191124,"X":0.0136713190004,"Z":-0.515264928341},"UserAcceleration":{"Y":0.00209402223118,"X":-0.0034937064629,"Z":-0.0132995238528},"AttitudeRotationMatrix":[0.9998934865,-0.00511552300304,-0.0136713199317,0.0143525367603,0.515246391296,0.85692191124,0.0026604947634,-0.857026815414,0.515264928341],"AttitudePitch":1.02926798257,"Time":0.41997,"AttitudeQuaternion":{"X":0.492286025835,"W":0.870402893807,"Y":0.00469087742046,"Z":-0.00559168033735},"AttitudeRoll":0.0265263774542,"RotationRate":{"Y":-0.00471428502351,"X":0.00359829817899,"Z":0.00369817507453},"AttitudeYaw":-0.0278484734553,"DotNum":1},{"GravityX":{"Y":-0.856806814671,"X":0.0134079195559,"Z":-0.515463173389},"UserAcceleration":{"Y":-0.00359052349813,"X":0.000492837105412,"Z":-2.44726670644e-05},"AttitudeRotationMatrix":[0.999895751476,-0.0053562419489,-0.0134079195559,0.0142503073439,0.515440642834,0.856806755066,0.00232172152027,-0.856908559799,0.515463232994],"AttitudePitch":1.02904474613,"Time":0.427889,"AttitudeQuaternion":{"X":0.492186948165,"W":0.870459585467,"Y":0.00451762548732,"Z":-0.00563109092841},"AttitudeRoll":0.0260055365879,"RotationRate":{"Y":-0.0211440362036,"X":-0.018587205559,"Z":-0.00386418192647},"AttitudeYaw":-0.0276398051466,"DotNum":1},{"GravityX":{"Y":-0.85652577877,"X":0.0133658284321,"Z":-0.51593118906},"UserAcceleration":{"Y":-0.00356640247628,"X":0.00108424481004,"Z":0.00341896689497},"AttitudeRotationMatrix":[0.999895095825,-0.00557779846713,-0.0133658293635,0.0143272951245,0.515905380249,0.856525719166,0.0021179751493,-0.85662740469,0.51593118906],"AttitudePitch":1.0284999299,"Time":0.446244,"AttitudeQuaternion":{"X":0.491949838084,"W":0.870593426783,"Y":0.00444633591061,"Z":-0.00571595554021},"AttitudeRoll":0.0259004306011,"RotationRate":{"Y":-0.00495109613985,"X":-0.0424133576453,"Z":-0.00557572813705},"AttitudeYaw":-0.0277640327265,"DotNum":1},{"GravityX":{"Y":-0.856596052647,"X":0.0132620707154,"Z":-0.515817165375},"UserAcceleration":{"Y":0.00131039042026,"X":-0.00485447747633,"Z":0.0215086955577},"AttitudeRotationMatrix":[0.999896466732,-0.0055831624195,-0.0132620697841,0.0142414560542,0.51579105854,0.856596052647,0.00205794256181,-0.85669618845,0.515817165375],"AttitudePitch":1.02863610848,"Time":0.457224,"AttitudeQuaternion":{"X":0.492008191913,"W":0.870560838115,"Y":0.00439946651136,"Z":-0.00569305942749},"AttitudeRoll":0.0257051334742,"RotationRate":{"Y":0.00651182839647,"X":-0.0163893476129,"Z":-0.00164015486371},"AttitudeYaw":-0.0276038886917,"DotNum":1},{"GravityX":{"Y":-0.856682896614,"X":0.0133473109454,"Z":-0.515670657158},"UserAcceleration":{"Y":0.00321305496618,"X":-0.000682515965309,"Z":-0.00720224296674},"AttitudeRotationMatrix":[0.999896466732,-0.00537663791329,-0.0133473109454,0.0142083344981,0.51564770937,0.856682896614,0.00227643596008,-0.856783866882,0.515670657158],"AttitudePitch":1.02880448595,"Time":0.48704,"AttitudeQuaternion":{"X":0.492081829344,"W":0.870519216224,"Y":0.004486904708,"Z":-0.00562450899697},"AttitudeRoll":0.0258776228336,"RotationRate":{"Y":0.0192890167236,"X":0.0171188283712,"Z":0.00112289283425},"AttitudeYaw":-0.0275473764689,"DotNum":1},{"GravityX":{"Y":-0.856642305851,"X":0.013300832361,"Z":-0.515739262104},"UserAcceleration":{"Y":-0.000489632075187,"X":0.00223261490464,"Z":-0.0166856385767},"AttitudeRotationMatrix":[0.999897241592,-0.00534463580698,-0.013300832361,0.0141518274322,0.515716671944,0.856642305851,0.00228101899847,-0.856742560863,0.515739321709],"AttitudePitch":1.02872582851,"Time":0.4893219,"AttitudeQuaternion":{"X":0.492047083515,"W":0.870539083354,"Y":0.00447477084849,"Z":-0.00559896266937},"AttitudeRoll":0.0257841218414,"RotationRate":{"Y":-0.0120711605996,"X":0.00727891735733,"Z":0.00526044284925},"AttitudeYaw":-0.0274342069416,"DotNum":1},{"GravityX":{"Y":-0.856474220753,"X":0.0132976155728,"Z":-0.516018509865},"UserAcceleration":{"Y":-0.00132914364804,"X":0.0024189373944,"Z":-0.0029481514357},"AttitudeRotationMatrix":[0.999895453453,-0.0